zsl_metrics_index0: 130.6270386519439,48.61089040912671,0.0014894519915596308,0.9861629950330225
zsl_metrics_index32000: 129.88714600130328,48.19290829152754,0.0013560666701455506,0.9807946599823109
zsl_metrics_index64000: 130.4529860184666,48.419424513285556,0.004461117871551087,0.9862297152262575
zsl_metrics_index96000: 130.68934624688336,48.702096249143956,-0.006340993592672338,0.9850095977195606
zsl_metrics_index128000: 130.0856588279312,48.33207876522704,-0.007783647062301621,0.9778133399305206
zsl_metrics_index160000: 129.7178195750025,48.01952237215806,0.002059967575933125,0.9652056577950707
zsl_metrics_index192000: 130.49594321307657,48.83537416316037,-0.004701346004280781,0.9847393136430265
zsl_metrics_index224000: 129.63214050693173,48.31985785126287,-0.0017445329689955505,0.9795964573365444
zsl_metrics_index256000: 130.53667253286488,48.82116891731274,0.005152677692526954,0.9817616218701845
zsl_metrics_index288000: 129.89421642701805,48.42282402320312,0.0075807487845191745,0.9788534626063796
zsl_metrics_index320000: 130.2704917605452,48.56851154680296,0.007773252560898014,0.981335008648077
zsl_metrics_index352000: 130.34771007845356,48.11647823713138,0.009992823317226647,0.9788620981285775
zsl_metrics_index384000: 130.04153959473933,48.283065544974946,0.00918051997544065,0.9818383316326548
zsl_metrics_index416000: 130.48693330610766,48.501770402465525,-0.0015647232743201851,0.9860467611302499
zsl_metrics_index448000: 130.92859405291867,48.27338815035967,-0.0018593183372476662,0.9868341944895475
zsl_metrics_index480000: 130.34276755875777,48.513762209017855,-0.0009430320824084962,0.9792228992033742
zsl_metrics_index512000: 130.32541511683837,48.2004134066104,-0.0022793796093104504,0.9781838671233456
zsl_metrics_index544000: 131.21605164205272,48.181658873225956,0.009195710343413013,0.9843505487574725
zsl_metrics_index576000: 130.7679106202748,47.693906871016736,0.00902985299253766,0.9856111468515537
zsl_metrics_index608000: 130.47157064225632,48.41958822088973,0.0006224459760430432,0.9802209439588605
zsl_metrics_index640000: 129.57932712096476,48.80148797721771,0.008342054897957859,0.9721627326555828
zsl_metrics_index672000: 129.8153441780354,48.87722555554862,0.0008350067628454792,0.9729586490344905
zsl_metrics_index704000: 130.78598135858456,48.61463521819526,0.012131270767853565,0.9890809940576561
zsl_metrics_index736000: 130.59359530404438,48.59921776350507,-0.01323301432343065,0.9821363236622086
zsl_metrics_index768000: 129.63710565903204,48.52999741394988,-0.006941751682915596,0.9812690906568935
zsl_metrics_index800000: 129.80167696368952,48.66705971029269,0.0040346040596739045,0.9787332415412046
zsl_metrics_index832000: 130.50545117787198,48.287600503672316,-0.0042481093210877995,0.9843224537561515
zsl_metrics_index864000: 130.00452827830512,48.704481074895575,-0.0016379881527396893,0.9840770393185387
zsl_metrics_index896000: 130.46564903441887,48.252020445112585,0.0011869189808327517,0.9742500697710007
zsl_metrics_index928000: 129.6290900256798,48.16328775262378,-0.002800675995034376,0.9770773102770431
zsl_metrics_index960000: 129.97463881368287,48.61329174103194,-0.0014150448780740916,0.9801498712848998
zsl_metrics_index992000: 129.62559118829355,48.682098450142384,0.0008671054773412667,0.9769596058128787
zsl_metrics_index1024000: 130.8102498028174,48.24285783270765,0.011147766210212066,0.9883744247590345
zsl_metrics_index1056000: 130.65653029602538,48.584970841997084,0.008003537925787126,0.9774605115712187
zsl_metrics_index1088000: 130.31749448155205,48.4452067023401,-0.00881489749501042,0.97944552719229
zsl_metrics_index1120000: 129.16050786378707,48.44728228995981,-0.0007461971004313566,0.9744482261626698
zsl_metrics_index1152000: 129.44216714011907,48.56837622859478,0.012815869449924513,0.9723708182965689
zsl_metrics_index1184000: 129.81899626304087,48.15997684557973,-0.0014635592449750187,0.9804707898107206
zsl_metrics_index1216000: 131.09856282831618,48.31679804994746,0.0028925479385218133,0.9907572135319337
zsl_metrics_index1248000: 130.06681186252243,48.61140171328868,-0.0014339314317946964,0.9807308490428381
zsl_metrics_index1280000: 130.21868361594275,48.400170110007,0.005723190149932728,0.9804098502995584
zsl_metrics_index1312000: 129.51816775993572,48.81462971129789,0.0028436428052594433,0.9786480069461783
zsl_metrics_index1344000: 130.2280456360914,48.35844626392777,0.003039282796977732,0.9815909572297133
zsl_metrics_index1376000: 130.32181325206287,48.14048326022111,-0.002828491601207041,0.9803217996340396
zsl_metrics_index1408000: 130.7504320621676,48.46172987448731,-0.013033697538238477,0.9811688989658978
zsl_metrics_index1440000: 129.78237731636153,48.74458558366795,-0.0059574976681292585,0.97912226084301
zsl_metrics_index1472000: 130.10363310552023,48.158254984717956,-0.009657798016234558,0.9774974542338122
zsl_metrics_index1504000: 130.32594267979925,48.55508865077004,0.015299080632721972,0.9811943995201835
zsl_metrics_index1536000: 130.14865712560987,48.506818410163355,0.00310673499333726,0.9766529247522844
zsl_metrics_index1568000: 129.88963305069126,48.49769707592622,-0.009323653032133958,0.9781347125509783
zsl_metrics_index1600000: 129.8758389884871,48.149671475092525,-0.007108390844006096,0.9782036445406547
zsl_metrics_index1632000: 130.04506673750373,48.6085874313002,-0.02007145857471433,0.9738973788312296
zsl_metrics_index1664000: 130.6032166569177,48.55981883414982,-0.020978484001935742,0.9841565864468963
zsl_metrics_index1696000: 130.96755529645105,48.522936456411045,0.0034992427792047806,0.980226534837537
zsl_metrics_index1728000: 129.82153225302588,48.514313793793086,0.006041293897916344,0.9827858840457411
zsl_metrics_index1760000: 130.77361386687858,48.352223256222686,0.008773794716836562,0.9765465107400693
zsl_metrics_index1792000: 129.70204821224436,48.78655623478807,0.0003007654116547913,0.9811217276081808
zsl_metrics_index1824000: 130.45095822177151,48.3629828166805,-0.00825587987083962,0.9756469341449996
zsl_metrics_index1856000: 130.30056995027985,48.40041649377861,-0.0033251123453793842,0.9741225358723368
zsl_metrics_index1888000: 129.69956666456062,48.45277044294658,0.017017569715359386,0.979492465192254
zsl_metrics_index1920000: 130.3372300488593,48.66658346695771,0.004691858178350508,0.990147042885476
zsl_metrics_index1952000: 129.86952347109266,48.61642325756714,-0.006640393104959126,0.9760974098738916
zsl_metrics_index1984000: 153.89274153265586,175.19618399252707,17.3969335644315,69.29987071973527
