zsl_metrics_index0: 33.10375260839411,12.087526908325529,-0.0022157356250531654,0.2461128284390463
zsl_metrics_index32000: 33.06054570038978,12.058756783845046,-0.0009696283267001955,0.2462226916573787
zsl_metrics_index64000: 32.9892216281293,12.23395483655956,0.0009851567044609104,0.2469738697377066
zsl_metrics_index96000: 32.901181449260456,12.193059712944502,-0.0007117091914382026,0.24577208751350593
zsl_metrics_index128000: 32.99831016645547,12.10242821414761,-0.002256924169942708,0.2450657537087229
zsl_metrics_index160000: 32.929722637008226,12.091864866284093,0.00018550524174909766,0.24554233803202427
zsl_metrics_index192000: 32.87456755853329,12.156628433218145,-0.00024497515266219016,0.24534244111034917
zsl_metrics_index224000: 32.8086784831905,12.191650524997154,-0.0022687359770207152,0.24460982607018633
zsl_metrics_index256000: 32.83787789982718,12.123620770859024,0.0018537201334836615,0.2439703085655983
zsl_metrics_index288000: 33.0945756897224,12.142456468756631,0.0009556037350686499,0.24853323888546788
zsl_metrics_index320000: 33.214943733139386,11.976812819886,0.0015076125031615946,0.24949159233678214
zsl_metrics_index352000: 32.96696888071786,12.133424285044233,0.0013684072315975305,0.24591245533699782
zsl_metrics_index384000: 32.96081281471753,12.208730290301423,-0.00020101708186059185,0.24597316753082424
zsl_metrics_index416000: 32.99465320784804,12.30254595214749,0.0011429219463398367,0.24673932936783605
zsl_metrics_index448000: 32.86866749936751,12.226883831891087,-0.00012604145311444448,0.24618305303836913
zsl_metrics_index480000: 32.917359237943046,12.156771581696386,-0.0014008040201455257,0.24530416855799717
zsl_metrics_index512000: 32.81544522941687,12.098707061998315,-0.0016266814895425049,0.24393614756130627
zsl_metrics_index544000: 32.94066385672399,12.166247238419345,0.0021085146834046737,0.24592576507307493
zsl_metrics_index576000: 33.058199271168505,12.17796584433005,0.002781438931722516,0.24589107521652984
zsl_metrics_index608000: 32.67211373057441,12.202883137479024,0.0007225574366427297,0.24328381918813297
zsl_metrics_index640000: 32.82641880947701,12.163476907554108,0.0028951400969940374,0.2447579194532284
zsl_metrics_index672000: 32.836923773617436,12.224758688063387,0.0030786506660005256,0.24636898712829863
zsl_metrics_index704000: 32.946259718626536,12.145736343332997,-0.0017878731289974045,0.2456263984941595
zsl_metrics_index736000: 32.81200246638335,12.155006090368127,-0.0005025998344734317,0.24506222844336553
zsl_metrics_index768000: 32.97963731488184,12.171794300059846,-0.0020730347773937527,0.24487163050383248
zsl_metrics_index800000: 32.82794956374825,12.139497540279795,-0.0010903587369733886,0.24381833066676437
zsl_metrics_index832000: 32.8854572506688,12.155178233747394,-0.00041677716978531174,0.24441731660628108
zsl_metrics_index864000: 32.97972580737737,12.17589504885124,0.0020746152350388765,0.24418892305742534
zsl_metrics_index896000: 32.9099039761131,12.238897130960643,0.0005756771535811511,0.24507891877693053
zsl_metrics_index928000: 32.956025774914536,12.185461489197648,-9.654404224237201e-05,0.24488763212278514
zsl_metrics_index960000: 32.932330881563495,12.15401945830232,0.0010767891790171137,0.24641957043852095
zsl_metrics_index992000: 32.928165015658365,12.128742810907037,-0.002317737843075841,0.24649627653828496
zsl_metrics_index1024000: 32.87969824623673,12.202802314777944,0.0016690036908331267,0.24641136499314428
zsl_metrics_index1056000: 32.89142009776346,12.225568092535429,0.0014947283989798987,0.24647174865196367
zsl_metrics_index1088000: 32.931886968987776,12.139448396396771,0.0006440317079129945,0.2453164265311965
zsl_metrics_index1120000: 32.77656352636263,12.202656020643792,-0.0037142553898660245,0.24473982692480797
zsl_metrics_index1152000: 32.95645695059704,12.182823275986573,-0.0007214573009317769,0.24565252140220892
zsl_metrics_index1184000: 32.67627270006125,12.126953875468416,0.0017199911702644802,0.24280996349252018
zsl_metrics_index1216000: 32.91506855710581,12.085057136293665,0.004776818348017254,0.24572827500654382
zsl_metrics_index1248000: 32.89490329658321,12.12590682734434,0.003979782845788928,0.24532232063354417
zsl_metrics_index1280000: 32.947824295782425,12.117776870096725,-0.0007633791637166305,0.24406873115393513
zsl_metrics_index1312000: 32.950978551902026,12.129507497581669,-0.0026143534320385133,0.24513102539199233
zsl_metrics_index1344000: 32.9183402867602,12.176799450075851,0.002220195345843599,0.2470764237324516
zsl_metrics_index1376000: 32.90618474188302,12.127221412024884,0.0038069704249980613,0.24586044534377197
zsl_metrics_index1408000: 32.78748530515504,12.197135197951784,-0.0010642701862185096,0.2437446881119515
zsl_metrics_index1440000: 32.97332932877973,12.025605032127046,0.0015706296342130187,0.2467767221414652
zsl_metrics_index1472000: 32.7896907554822,12.246354184626378,0.0020425667477316665,0.2456059871012821
zsl_metrics_index1504000: 32.93438303391497,12.170508461986177,0.0013917627904448402,0.24451074121883087
zsl_metrics_index1536000: 32.846966332059715,12.140772832192757,-0.0027997238298567016,0.24618708247704932
zsl_metrics_index1568000: 32.97216025110063,12.154162613206418,-0.0008867001656431021,0.24621841899595917
zsl_metrics_index1600000: 33.00074098087304,12.074101551529651,0.00031945840730411226,0.2455724842385244
zsl_metrics_index1632000: 33.06783822928109,12.149070459113005,-0.0017430363454782709,0.24523179437387166
zsl_metrics_index1664000: 33.001372485784046,12.164957789490064,0.0009852987325939685,0.2462062076417453
zsl_metrics_index1696000: 32.7595809126891,12.184594579206973,0.00254045424327074,0.24437667990491813
zsl_metrics_index1728000: 32.9292695576884,12.163680600119289,-0.0002441471640165118,0.24446975119596706
zsl_metrics_index1760000: 32.81332918408997,12.16042638316226,-0.0038521300716651947,0.24535653610918015
zsl_metrics_index1792000: 32.89377273314339,12.087959418932117,-0.00045193887952177115,0.24637331582902788
zsl_metrics_index1824000: 32.9442211758967,12.24650264572153,0.0031774748481589506,0.24584328746490805
zsl_metrics_index1856000: 32.782410784661785,12.146736995905767,-0.00206404871840251,0.24568129582312814
zsl_metrics_index1888000: 32.97517947020405,12.100739429252943,0.00012268069854704677,0.24550402243175687
zsl_metrics_index1920000: 32.991506024833114,12.07902940339788,0.0003317292757551837,0.2448946987752003
zsl_metrics_index1952000: 32.78035937916837,12.083666383376341,-0.0001674130316376101,0.24508297660583422
zsl_metrics_index1984000: 148.87473714894162,171.0170204211529,17.43902110961629,69.28101633373944
