zsl_metrics_index0: 49.547085513711245,17.254523084811087,-0.005916676474112379,0.3674676014500687
zsl_metrics_index32000: 61.995691549038376,25.69710105322133,0.01882233890776091,0.47319068050403623
zsl_metrics_index64000: 74.14043773472996,27.992735028496515,0.016910596852359863,0.556409566299391
zsl_metrics_index96000: 67.0989548178708,32.82847465975882,-0.0006260198698984443,0.5236293765295899
zsl_metrics_index128000: 104.05310003233448,40.17365904370149,-0.01973927265596464,0.7525053634176408
zsl_metrics_index160000: 77.2878095471267,42.71815663089013,0.0017406146288996914,0.610173226178333
zsl_metrics_index192000: 80.69243487935069,46.77663970979564,-0.0024017162596675266,0.6475407636350141
zsl_metrics_index224000: 91.68123284912421,46.89614813365893,-0.0002447679264951668,0.73055270887082
zsl_metrics_index256000: 73.98895318577813,44.46564416065352,0.0017675921371896805,0.6030434762307451
zsl_metrics_index288000: 76.47445510182666,44.76691346804628,0.0059907894995159874,0.618806977616508
zsl_metrics_index320000: 78.59087642038313,44.80053171485842,-0.00957592987772663,0.6314990349701514
zsl_metrics_index352000: 74.90593643770082,41.68131861360707,-0.011010035549846243,0.6040209492647104
zsl_metrics_index384000: 78.80313416984752,39.86744330536365,0.021673243138604473,0.6099616291973874
zsl_metrics_index416000: 67.89110600901564,31.69424880183661,-0.0027259935773801184,0.5225309471335833
zsl_metrics_index448000: 57.33323755849022,28.570757980618485,0.003208932999291241,0.44960640723342377
zsl_metrics_index480000: 50.52497102805512,24.3631103941024,-0.0021094635866290225,0.3938852281397572
zsl_metrics_index512000: 45.94281186623419,22.086367706744845,0.001273452471368536,0.36032814107015093
zsl_metrics_index544000: 43.53127897541743,19.068534421037008,0.021014416451402656,0.33555298676814393
zsl_metrics_index576000: 50.387961513546266,18.362130052523657,0.009811331443441904,0.377605936161589
zsl_metrics_index608000: 46.962527471474196,20.189518016700866,0.012787250824053244,0.36010212058744245
zsl_metrics_index640000: 45.22858233896616,19.10508307545842,-0.012338821445805214,0.3440717174312785
zsl_metrics_index672000: 43.91829403873558,18.421771993282114,0.021064945930805237,0.3360844789508963
zsl_metrics_index704000: 50.741598133541416,20.11479324859324,-0.02346956006374405,0.3801177091471965
zsl_metrics_index736000: 48.906578529645934,20.202295327353035,-0.009704599612642915,0.3721540053921054
zsl_metrics_index768000: 46.598058925192305,19.10484109929181,-0.011905203631467274,0.3534248741284145
zsl_metrics_index800000: 46.988104593913945,19.753333714153797,-0.0010317756872920594,0.3575262154511197
zsl_metrics_index832000: 48.74329370831323,20.321915329269256,0.0022375964863066747,0.3706490751934442
zsl_metrics_index864000: 51.196004247590665,20.871452011409506,-0.010790591085030918,0.390157966995963
zsl_metrics_index896000: 47.66942674374036,19.649918588545116,-0.002094014900565037,0.3598376150926709
zsl_metrics_index928000: 53.33690632573862,20.079585460124985,-0.014319856023534444,0.39908514962945313
zsl_metrics_index960000: 48.34655960662048,19.980997979747748,-0.002280875939560402,0.36589716116094984
zsl_metrics_index992000: 55.4123010319342,20.65469057564091,-0.01275987629508407,0.4129137998533651
zsl_metrics_index1024000: 55.24531486806372,21.54186974061475,-0.019004962667762193,0.4137617260402914
zsl_metrics_index1056000: 48.367734500960445,20.9482056075735,0.000445786984730129,0.36837510869549933
zsl_metrics_index1088000: 48.3003596315374,18.610727576013552,0.005700298313586114,0.3637502373243005
zsl_metrics_index1120000: 45.89657445154809,19.246940443430127,-0.006842615419726096,0.3506337520454768
zsl_metrics_index1152000: 55.353104531520685,24.10128010817681,0.0033485928710507255,0.4240032019562132
zsl_metrics_index1184000: 44.101190752049376,18.446023989184233,-0.017063491822336647,0.3356548790936324
zsl_metrics_index1216000: 50.70243148823792,22.04409084572046,-0.00616793238232942,0.38778021381345495
zsl_metrics_index1248000: 56.704976932821396,23.201544901990975,0.007110351290455078,0.42884427043667195
zsl_metrics_index1280000: 52.67049934550131,20.907924095667102,-0.0012906554278345496,0.39577976773673146
zsl_metrics_index1312000: 62.81281532001748,22.87849374237069,0.006830492653790995,0.4702886714877177
zsl_metrics_index1344000: 55.30905266856848,23.208659786267148,-0.003079575483104922,0.4193312096113349
zsl_metrics_index1376000: 64.06821415830132,24.25143706552527,0.0015304625326352968,0.4775377321306207
zsl_metrics_index1408000: 57.28972531865483,22.171366749528396,0.007906790131358369,0.4311502046323305
zsl_metrics_index1440000: 64.3394198625307,24.875372318731287,-0.0047612830258573985,0.4841018326214909
zsl_metrics_index1472000: 62.20114869972822,23.990678904687748,0.0009878652309573308,0.46822049343271116
zsl_metrics_index1504000: 60.42165975975274,22.90501679856864,-0.011086516191391128,0.45023179956181203
zsl_metrics_index1536000: 59.770669439153515,23.875106312844384,-0.004235317869964463,0.4502314020574796
zsl_metrics_index1568000: 66.87581961002434,25.411592348681808,0.007969804171755902,0.5013507331090776
zsl_metrics_index1600000: 67.79469043826194,26.305853479274994,-0.005969237624976481,0.5090018398220119
zsl_metrics_index1632000: 63.32772517029166,26.51202560627311,-0.002383012510812781,0.48141828773942913
zsl_metrics_index1664000: 69.13603946618368,25.6278021125876,-0.00015220244930233307,0.5129236569996721
zsl_metrics_index1696000: 64.2893916929935,24.557230769110884,-0.008416350475052762,0.48119627323741065
zsl_metrics_index1728000: 64.86324509705445,26.401788766651542,0.0025221778200058484,0.49128899651720187
zsl_metrics_index1760000: 62.68280958250094,25.6034266987708,0.002214161954585095,0.4717428762543584
zsl_metrics_index1792000: 64.16058238770208,24.547514435860425,0.0005575382623276241,0.47912923914612054
zsl_metrics_index1824000: 66.35443349404731,24.959414182798195,0.0001087648179041989,0.49695187212296094
zsl_metrics_index1856000: 67.55048022408485,26.612802534855557,0.0036394423173717106,0.5098510094731864
zsl_metrics_index1888000: 66.86136650762015,24.995433599002492,0.0022343472099996915,0.49844253601411936
zsl_metrics_index1920000: 64.53624954045227,24.594851634938426,-0.0038001632784248974,0.485237302543398
zsl_metrics_index1952000: 61.82908127942719,24.01013263867783,0.009460362619738453,0.4640598319189124
zsl_metrics_index1984000: 62.78873652582844,23.597058472096126,0.0014468866609001747,0.4713497560805348
zsl_metrics_index2016000: 68.369662001077,25.485765693596036,-0.007216207921934872,0.5138746530651668
zsl_metrics_index2048000: 65.31041811030904,25.534333196939148,-0.005396113911955046,0.48906259572283955
zsl_metrics_index2080000: 59.26999725375386,22.393285153467147,0.006073352386654488,0.4421690177462894
zsl_metrics_index2112000: 70.21103769811951,26.78547506694268,0.0031063035560364954,0.526333842681035
zsl_metrics_index2144000: 57.917505830528796,21.712949952633686,-0.003019865371269782,0.4337563003360119
zsl_metrics_index2176000: 60.281953281278035,23.20602725599017,-0.008737267465823132,0.45213242533140763
zsl_metrics_index2208000: 65.32279370493262,23.937243273090562,-0.012702194268168347,0.48791788636869055
zsl_metrics_index2240000: 55.629893816130725,21.712797483460527,-0.002434874263325292,0.41950004028200805
zsl_metrics_index2272000: 59.92681228422718,21.944551925824527,0.005671613030146056,0.44914890582485206
zsl_metrics_index2304000: 53.06527675050479,20.796670266086732,-0.004693142676589624,0.4008437323009008
zsl_metrics_index2336000: 53.910105715420286,21.272811673312763,-0.009082818396134925,0.40499433703708504
zsl_metrics_index2368000: 53.9749124939355,20.97926786439221,-0.009612972606740879,0.40512279261256257
zsl_metrics_index2400000: 51.15551810669696,20.115345781038208,-0.0027231732119237274,0.3849989487753584
zsl_metrics_index2432000: 51.9798845117938,19.66535214793907,-0.012694414453814248,0.38772823606624907
zsl_metrics_index2464000: 66.03866476252841,25.10702721448282,0.005498366985132954,0.4911496075697124
zsl_metrics_index2496000: 68.15741882960604,25.92899378050952,-0.0006115164895865135,0.5063362706277692
zsl_metrics_index2528000: 63.75731052629584,24.064880439248704,0.002739087963114519,0.4792923665242041
zsl_metrics_index2560000: 66.1238110570315,25.062485647767765,-0.0005565956448212228,0.48838053431486006
zsl_metrics_index2592000: 71.74673222200441,28.34627789283504,-0.0006006249311183463,0.5389391507788507
zsl_metrics_index2624000: 73.92252228270742,27.277752776883567,-3.587894959234017e-05,0.5470155886693415
zsl_metrics_index2656000: 71.10920199301358,26.628331731500193,-0.0003551216806106585,0.5306908859494623
zsl_metrics_index2688000: 72.76032626503738,27.192574165972474,-0.0023494690319010407,0.5361732080603403
zsl_metrics_index2720000: 65.89607164746302,25.17356075718571,-0.0017979787822065946,0.4918255554542161
zsl_metrics_index2752000: 72.06586954251677,27.42411862940468,-0.007974950700076075,0.5373389636751496
zsl_metrics_index2784000: 74.97290522998888,27.486754631412015,0.0006683053550089983,0.5617979654526468
zsl_metrics_index2816000: 72.61694830767223,26.72707170924383,0.0001331171823771422,0.538032726686127
zsl_metrics_index2848000: 73.01960718471302,27.099791636520855,0.00263737334135552,0.5411002889596829
zsl_metrics_index2880000: 60.05072118967976,26.09314998730165,0.007219364334240848,0.4553451431860017
zsl_metrics_index2912000: 65.1829692106446,24.0994785323716,-0.0011330598877561662,0.4907478384867275
zsl_metrics_index2944000: 69.0653707040621,25.5507355043396,0.0020052909207300506,0.515057793066353
zsl_metrics_index2976000: 69.97739005668109,25.76572660464329,-0.0049274077575938964,0.5180555429937655
zsl_metrics_index3008000: 69.90790082708357,28.263695754335842,-0.0009693330213063845,0.526302694421861
zsl_metrics_index3040000: 55.639838081907875,22.681003868477198,-0.004050158458848246,0.41916067407459184
zsl_metrics_index3072000: 62.28687766135836,23.56743643131129,0.002321049487552394,0.46368605083269415
zsl_metrics_index3104000: 68.50283222939537,25.043118857174882,-0.0018255794320190676,0.509227744684636
zsl_metrics_index3136000: 57.63622687826694,21.45429145411964,-0.003648843452652651,0.42893897286429417
zsl_metrics_index3168000: 52.33852699792915,20.703536760310918,-0.007501168957204453,0.3936854686969497
zsl_metrics_index3200000: 52.035906775720186,19.304554182610033,-0.007999883027582592,0.38708781341576526
zsl_metrics_index3232000: 47.24020843440233,18.50316503825384,-0.005139415422047856,0.35535839161622634
zsl_metrics_index3264000: 53.20955715888012,19.883549265885076,0.011445935086396847,0.39751221932117126
zsl_metrics_index3296000: 54.36936119073693,21.108114455151707,0.011284796309936172,0.40693232760922726
zsl_metrics_index3328000: 59.617842421220764,21.975565217059053,0.0069083680295955645,0.4411455661936004
zsl_metrics_index3360000: 68.51189221785519,25.798174101391595,-0.004062477878832325,0.5165886182501307
zsl_metrics_index3392000: 59.411417101062774,22.953805129227266,0.0033433952681722005,0.44193574259847834
zsl_metrics_index3424000: 61.34594001613985,22.56340533881543,0.001319760897493969,0.4622036124549152
zsl_metrics_index3456000: 62.72685563597605,23.42044036638318,0.00608883818999562,0.4678364443487418
zsl_metrics_index3488000: 62.85015054402167,23.28651557591006,0.0029403026805969856,0.4706968381662761
zsl_metrics_index3520000: 65.95237680138777,24.35073031262926,0.007179639885051927,0.4918283099427848
zsl_metrics_index3552000: 64.55320056190907,24.066996621415573,0.0021101587804762054,0.4889399580307505
zsl_metrics_index3584000: 66.95316669296653,27.147614573104853,-0.0008473285109919693,0.5056861295128265
zsl_metrics_index3616000: 73.07794090564593,26.45458302900394,0.005452972571928157,0.5470004835068669
zsl_metrics_index3648000: 67.06564314889046,24.507377878664084,-0.00456007836862728,0.49597090292604773
zsl_metrics_index3680000: 64.40259465759831,24.428347949480838,-0.005232810860859191,0.48079210695940966
zsl_metrics_index3712000: 65.16976139850938,24.083016337377643,-0.004729658499434776,0.488229096201746
zsl_metrics_index3744000: 70.80962367890015,25.915103552941332,0.004665699796841547,0.5309704457384161
zsl_metrics_index3776000: 72.77803810862062,28.312228244754316,-0.002101298223782777,0.546889732367579
zsl_metrics_index3808000: 64.36488844930241,24.123661198268078,0.002158143729151721,0.48125508611899154
zsl_metrics_index3840000: 71.63163421294244,26.211354181439557,-0.0021108966807829943,0.534354954727472
zsl_metrics_index3872000: 64.95256579815627,23.793622138308624,-0.0054396546362463155,0.4806201297142071
zsl_metrics_index3904000: 62.209017244808116,25.109134683253853,-0.004074744587822851,0.4700334295321936
zsl_metrics_index3936000: 65.80808682227529,24.243323540142907,0.0004131529732473975,0.48918204908335405
zsl_metrics_index3968000: 64.25496167189303,23.335284333076036,0.000134686194788995,0.4787455587352784
zsl_metrics_index4000000: 64.45507786194989,24.39074261365081,-0.006338599591811004,0.4832080394946509
zsl_metrics_index4032000: 65.91836237738481,24.325698034584928,0.0013193527141699929,0.4928163168915989
zsl_metrics_index4064000: 65.44834165647718,24.215321298381728,-0.0008984083548460586,0.4967957830491738
zsl_metrics_index4096000: 61.499570400371134,23.044853958489465,0.0002520962984537669,0.4626013119977361
zsl_metrics_index4128000: 59.20851522743728,22.65268654389303,0.006357949525454055,0.4417079936996626
zsl_metrics_index4160000: 63.93444415977871,23.71625549831378,-0.00090859736317819,0.4810177251024647
zsl_metrics_index4192000: 64.52270187745194,23.731183296383417,-0.0009978704684318086,0.4773251496169031
zsl_metrics_index4224000: 54.924543843744424,21.23874452764033,-0.007034258902373016,0.40979281159504355
zsl_metrics_index4256000: 52.324827648073466,21.535672877186553,-0.01210197051412285,0.39268591774810013
zsl_metrics_index4288000: 55.85199879430304,20.815386191440773,-0.0014907454943378369,0.419192046706714
zsl_metrics_index4320000: 58.954440863315064,22.711693379209535,0.0015712428848621025,0.43880855211189596
zsl_metrics_index4352000: 52.43476319045796,19.662510283715353,0.006235526194019764,0.3906326932142485
zsl_metrics_index4384000: 53.66167288041088,20.528503357990317,0.003101523846421093,0.40517985367076087
zsl_metrics_index4416000: 42.40342789885091,16.44590766282489,0.010171027094226414,0.318385113406481
zsl_metrics_index4448000: 43.06046779431115,18.15573190160228,-0.006409141885207616,0.3276025155119909
zsl_metrics_index4480000: 62.84403140321301,25.95225386157877,0.007380302645891501,0.47405459791292165
zsl_metrics_index4512000: 69.54703556257012,32.19051260169798,0.0005401895948810048,0.5389915136267572
zsl_metrics_index4544000: 71.55978129567065,36.82367211349303,-0.002164149359271975,0.5607701786938613
zsl_metrics_index4576000: 86.16116562895235,43.99916751845805,0.0016700554376846077,0.6712180848933821
zsl_metrics_index4608000: 76.35115384846713,44.25930111547366,-0.006016722684288376,0.6015388880720945
zsl_metrics_index4640000: 73.34329290740754,43.72962658972607,-0.000147558401002287,0.6001089291035598
zsl_metrics_index4672000: 89.79445166732755,49.00225773673325,-0.0024641682655021455,0.716321734388377
zsl_metrics_index4704000: 82.9192937565177,49.44350737459205,-0.00040370919863633945,0.6734335737518047
zsl_metrics_index4736000: 74.03150406614296,43.92591904855981,-0.004392922700188742,0.5992387502533355
zsl_metrics_index4768000: 76.92690757690181,45.40474415141217,0.0006547553977786795,0.6258968472663564
zsl_metrics_index4800000: 79.04242552177288,42.9234363570271,-0.012618165696365072,0.6206686402657432
zsl_metrics_index4832000: 74.95939160482332,40.728928968326755,0.00015471456118751448,0.5830407622480047
zsl_metrics_index4864000: 75.87628321752025,41.42880601584296,-0.007701502119492923,0.6032494396942824
zsl_metrics_index4896000: 63.791962628397116,32.513856900088506,-0.0006825723523981834,0.4955827794866574
zsl_metrics_index4928000: 58.62022747122058,28.121344220163238,0.001635248580591981,0.4419571290050671
zsl_metrics_index4960000: 51.09792939136142,22.72998175435236,-0.0065767084633393015,0.38906694336643816
zsl_metrics_index4992000: 45.88316994415056,17.94070244112915,-0.009140370577383415,0.33839115094854944
zsl_metrics_index5024000: 44.73186548936153,18.768701278701233,-0.0016981710024803155,0.33728505523361013
zsl_metrics_index5056000: 47.19300450599481,19.314855369848207,0.000728659083337361,0.3525352533751179
zsl_metrics_index5088000: 46.886874555861375,17.559886352833924,0.00769817086104867,0.3420037992851593
zsl_metrics_index5120000: 46.53664753770993,18.033947479711426,-0.002658042271672281,0.3454972148967105
zsl_metrics_index5152000: 52.5128547178375,19.221488916754122,0.0027908217674330466,0.3820958095349693
zsl_metrics_index5184000: 47.3380057542429,18.782410089110904,-0.006262979575346843,0.35420477261521327
zsl_metrics_index5216000: 51.702770267606475,20.8035255126019,-0.005071027712997049,0.38851323596814513
zsl_metrics_index5248000: 47.381335485553635,18.5427803045435,-0.003902938975793201,0.35413979836614196
zsl_metrics_index5280000: 46.790084922073746,18.437378741042437,0.0033155243674484816,0.34879094910836006
zsl_metrics_index5312000: 47.76172204748563,18.258003491257266,0.007120837813317726,0.35481991524782497
zsl_metrics_index5344000: 44.943699619214144,18.147384948122443,0.008261355829270327,0.34003428047346773
zsl_metrics_index5376000: 53.21655473296747,19.571367142131052,-0.003330306825965495,0.39038664831285186
zsl_metrics_index5408000: 52.04759293698022,19.472867458779568,-0.005804141948166483,0.37905220892990527
zsl_metrics_index5440000: 50.575218021148565,20.14209021356689,0.000730150996588503,0.3765676028994462
zsl_metrics_index5472000: 44.324980664235575,17.976160454856142,0.0021158672141790165,0.3331780813065622
zsl_metrics_index5504000: 49.99038795562973,19.88048528426096,-0.0014296690142555453,0.3724248752277869
zsl_metrics_index5536000: 48.666556679557125,19.637939677016064,-0.002907395244344245,0.36627100462436457
zsl_metrics_index5568000: 49.08919074245401,19.912511306817095,0.0032250533396800886,0.3670163220335938
zsl_metrics_index5600000: 50.42446387110474,20.64292636124883,0.0017758852138422085,0.37607084553606707
zsl_metrics_index5632000: 52.930048254351945,19.770431108046875,-0.0016336520628922248,0.39610479608122445
zsl_metrics_index5664000: 57.37520774972533,22.312916400386133,-0.0001907774423494999,0.42894339340956966
zsl_metrics_index5696000: 52.58040548335771,20.49287901431772,0.00010454745809800503,0.3929371086460643
zsl_metrics_index5728000: 57.209330928927216,21.447160963445878,0.004940545940636073,0.4273710408716878
zsl_metrics_index5760000: 61.97802938929839,24.612929011264097,-0.00048196121048285835,0.4632243314826639
zsl_metrics_index5792000: 58.459391412565324,21.46374977777624,-0.0014483982685509745,0.4325232711134878
zsl_metrics_index5824000: 61.251823818724255,22.91935437425797,0.0016380215691219418,0.4612458431302435
zsl_metrics_index5856000: 61.48580232814292,22.94248452681824,-0.00956982433874779,0.45939096320353195
zsl_metrics_index5888000: 63.00419986124039,23.48726988605883,-5.0221093590471885e-05,0.4690359668618436
zsl_metrics_index5920000: 60.36418712287648,22.314255357267804,0.0016178626291686276,0.45446047120277505
zsl_metrics_index5952000: 63.96654829585685,24.051144939965525,0.0011603337235963887,0.47907471304793814
zsl_metrics_index5984000: 65.0254179410936,23.99171863251502,0.0017157638478046695,0.4874346892562823
zsl_metrics_index6016000: 63.60831344284938,23.660136075510174,-0.007961351679192102,0.47701836574611084
zsl_metrics_index6048000: 57.96178853028988,22.743534580775293,0.0022826903712260932,0.4297536079421141
zsl_metrics_index6080000: 62.41043318925283,23.59214791181702,-0.002708666917336916,0.46895770276307486
zsl_metrics_index6112000: 62.67859237163321,23.461303643963493,0.0015530325421212042,0.46920735288362875
zsl_metrics_index6144000: 64.96266604812806,24.216956679108925,0.0032541818343892587,0.48375007726206576
zsl_metrics_index6176000: 57.51893510110832,25.522199692044193,-0.0029242435774849266,0.4314481055297275
zsl_metrics_index6208000: 62.22888784386985,23.034118729718422,-0.000809885988944727,0.46509969210529617
zsl_metrics_index6240000: 59.98743643123472,22.62119402004881,9.643747377459144e-05,0.44995187249158713
zsl_metrics_index6272000: 60.421492866591024,26.266374363647948,0.00308243403898555,0.45240447316056914
zsl_metrics_index6304000: 59.505693100434854,22.90982303946911,-0.0016328948887699068,0.4262569615225623
zsl_metrics_index6336000: 61.776422453866275,23.19855310093033,0.004227772602039442,0.4628552441944076
zsl_metrics_index6368000: 61.67242576860152,23.041005362731546,0.0029790094994774476,0.45629664231051814
zsl_metrics_index6400000: 54.96945450349768,23.629542017316382,-0.00160880923975138,0.41473330656633
zsl_metrics_index6432000: 55.61744569820656,21.336223770174975,0.001402894465245517,0.4152668886838756
zsl_metrics_index6464000: 60.448367479487544,23.033009976038105,-0.0015840122155779649,0.45282899306426816
zsl_metrics_index6496000: 55.554275699377534,21.626916853892286,-0.001013027672132068,0.41334518556111466
zsl_metrics_index6528000: 59.818908618429816,22.115164110638883,0.0051065702756336135,0.4233055985348279
zsl_metrics_index6560000: 57.099983416064674,22.05220251982517,0.004266785973590284,0.42097855134405027
zsl_metrics_index6592000: 55.08958073484462,21.073075674836847,0.0008697694892845593,0.4074983282539898
zsl_metrics_index6624000: 64.02341197195203,24.605591172741917,-0.0011785476185909474,0.4734385025068946
zsl_metrics_index6656000: 55.22601888114351,21.19562899866581,2.3194881866377416e-05,0.4095408985760942
zsl_metrics_index6688000: 58.17525624629666,21.61334802298904,-0.00015045556090493895,0.42350016644035887
zsl_metrics_index6720000: 56.0220872274803,20.93387480126258,0.0013047263943927474,0.4058736968227227
zsl_metrics_index6752000: 61.48975882258549,27.353247652049905,0.005403578436377334,0.4598031908481123
zsl_metrics_index6784000: 69.4302744383961,26.120363440526802,0.0031345928823896404,0.5117452394661779
zsl_metrics_index6816000: 66.0985380402146,25.049338260712958,0.00032244782326617784,0.4927235733135475
zsl_metrics_index6848000: 60.59181164161965,22.883413038479514,0.0018866736324729954,0.44867126608654434
zsl_metrics_index6880000: 52.99522432543356,21.550698133125724,4.484939016196332e-05,0.3979599869221931
zsl_metrics_index6912000: 69.6023355459249,27.01738319265284,0.0027248614211992754,0.5229192670807393
zsl_metrics_index6944000: 67.62553372870292,25.570741148316056,-0.00011493371722839907,0.502962975536916
zsl_metrics_index6976000: 67.66288185233212,25.49117418456013,0.0020586027301328453,0.5043391220221393
zsl_metrics_index7008000: 73.30968804685148,28.722537158911337,0.0012670629048649716,0.5454320686085575
zsl_metrics_index7040000: 67.23068373144832,25.57749554182274,0.0041392453861982285,0.49419172462630717
zsl_metrics_index7072000: 70.32144896342672,26.869950130383156,0.008564840980742434,0.5235528981480605
zsl_metrics_index7104000: 67.7580068935081,25.705001544030388,5.434789524917294e-05,0.5053417894573929
zsl_metrics_index7136000: 66.15885122115883,25.259131264257718,0.0004714634837507958,0.49429873043527034
zsl_metrics_index0: 49.547085513711245,17.254523084811087,-0.005916676474112379,0.3674676014500687
zsl_metrics_index32000: 61.995691549038376,25.69710105322133,0.01882233890776091,0.47319068050403623
zsl_metrics_index64000: 74.14043773472996,27.992735028496515,0.016910596852359863,0.556409566299391
zsl_metrics_index96000: 67.0989548178708,32.82847465975882,-0.0006260198698984443,0.5236293765295899
zsl_metrics_index128000: 104.05310003233448,40.17365904370149,-0.01973927265596464,0.7525053634176408
zsl_metrics_index160000: 77.2878095471267,42.71815663089013,0.0017406146288996914,0.610173226178333
zsl_metrics_index192000: 80.69243487935069,46.77663970979564,-0.0024017162596675266,0.6475407636350141
zsl_metrics_index224000: 91.68123284912421,46.89614813365893,-0.0002447679264951668,0.73055270887082
zsl_metrics_index256000: 73.98895318577813,44.46564416065352,0.0017675921371896805,0.6030434762307451
zsl_metrics_index288000: 76.47445510182666,44.76691346804628,0.0059907894995159874,0.618806977616508
zsl_metrics_index320000: 78.59087642038313,44.80053171485842,-0.00957592987772663,0.6314990349701514
zsl_metrics_index352000: 74.90593643770082,41.68131861360707,-0.011010035549846243,0.6040209492647104
zsl_metrics_index384000: 78.80313416984752,39.86744330536365,0.021673243138604473,0.6099616291973874
zsl_metrics_index416000: 67.89110600901564,31.69424880183661,-0.0027259935773801184,0.5225309471335833
zsl_metrics_index448000: 57.33323755849022,28.570757980618485,0.003208932999291241,0.44960640723342377
zsl_metrics_index480000: 50.52497102805512,24.3631103941024,-0.0021094635866290225,0.3938852281397572
zsl_metrics_index512000: 45.94281186623419,22.086367706744845,0.001273452471368536,0.36032814107015093
zsl_metrics_index544000: 43.53127897541743,19.068534421037008,0.021014416451402656,0.33555298676814393
zsl_metrics_index576000: 50.387961513546266,18.362130052523657,0.009811331443441904,0.377605936161589
zsl_metrics_index608000: 46.962527471474196,20.189518016700866,0.012787250824053244,0.36010212058744245
zsl_metrics_index640000: 45.22858233896616,19.10508307545842,-0.012338821445805214,0.3440717174312785
zsl_metrics_index672000: 43.91829403873558,18.421771993282114,0.021064945930805237,0.3360844789508963
zsl_metrics_index704000: 50.741598133541416,20.11479324859324,-0.02346956006374405,0.3801177091471965
zsl_metrics_index736000: 48.906578529645934,20.202295327353035,-0.009704599612642915,0.3721540053921054
zsl_metrics_index768000: 46.598058925192305,19.10484109929181,-0.011905203631467274,0.3534248741284145
zsl_metrics_index800000: 46.988104593913945,19.753333714153797,-0.0010317756872920594,0.3575262154511197
zsl_metrics_index832000: 48.74329370831323,20.321915329269256,0.0022375964863066747,0.3706490751934442
zsl_metrics_index864000: 51.196004247590665,20.871452011409506,-0.010790591085030918,0.390157966995963
zsl_metrics_index896000: 47.66942674374036,19.649918588545116,-0.002094014900565037,0.3598376150926709
zsl_metrics_index928000: 53.33690632573862,20.079585460124985,-0.014319856023534444,0.39908514962945313
zsl_metrics_index960000: 48.34655960662048,19.980997979747748,-0.002280875939560402,0.36589716116094984
zsl_metrics_index992000: 55.4123010319342,20.65469057564091,-0.01275987629508407,0.4129137998533651
zsl_metrics_index1024000: 55.24531486806372,21.54186974061475,-0.019004962667762193,0.4137617260402914
zsl_metrics_index1056000: 48.367734500960445,20.9482056075735,0.000445786984730129,0.36837510869549933
zsl_metrics_index1088000: 48.3003596315374,18.610727576013552,0.005700298313586114,0.3637502373243005
zsl_metrics_index1120000: 45.89657445154809,19.246940443430127,-0.006842615419726096,0.3506337520454768
zsl_metrics_index1152000: 55.353104531520685,24.10128010817681,0.0033485928710507255,0.4240032019562132
zsl_metrics_index1184000: 44.101190752049376,18.446023989184233,-0.017063491822336647,0.3356548790936324
zsl_metrics_index1216000: 50.70243148823792,22.04409084572046,-0.00616793238232942,0.38778021381345495
zsl_metrics_index1248000: 56.704976932821396,23.201544901990975,0.007110351290455078,0.42884427043667195
zsl_metrics_index1280000: 52.67049934550131,20.907924095667102,-0.0012906554278345496,0.39577976773673146
zsl_metrics_index1312000: 62.81281532001748,22.87849374237069,0.006830492653790995,0.4702886714877177
zsl_metrics_index1344000: 55.30905266856848,23.208659786267148,-0.003079575483104922,0.4193312096113349
zsl_metrics_index1376000: 64.06821415830132,24.25143706552527,0.0015304625326352968,0.4775377321306207
zsl_metrics_index1408000: 57.28972531865483,22.171366749528396,0.007906790131358369,0.4311502046323305
zsl_metrics_index1440000: 64.3394198625307,24.875372318731287,-0.0047612830258573985,0.4841018326214909
zsl_metrics_index1472000: 62.20114869972822,23.990678904687748,0.0009878652309573308,0.46822049343271116
zsl_metrics_index1504000: 60.42165975975274,22.90501679856864,-0.011086516191391128,0.45023179956181203
zsl_metrics_index1536000: 59.770669439153515,23.875106312844384,-0.004235317869964463,0.4502314020574796
zsl_metrics_index1568000: 66.87581961002434,25.411592348681808,0.007969804171755902,0.5013507331090776
zsl_metrics_index1600000: 67.79469043826194,26.305853479274994,-0.005969237624976481,0.5090018398220119
zsl_metrics_index1632000: 63.32772517029166,26.51202560627311,-0.002383012510812781,0.48141828773942913
zsl_metrics_index1664000: 69.13603946618368,25.6278021125876,-0.00015220244930233307,0.5129236569996721
zsl_metrics_index1696000: 64.2893916929935,24.557230769110884,-0.008416350475052762,0.48119627323741065
zsl_metrics_index1728000: 64.86324509705445,26.401788766651542,0.0025221778200058484,0.49128899651720187
zsl_metrics_index1760000: 62.68280958250094,25.6034266987708,0.002214161954585095,0.4717428762543584
zsl_metrics_index1792000: 64.16058238770208,24.547514435860425,0.0005575382623276241,0.47912923914612054
zsl_metrics_index1824000: 66.35443349404731,24.959414182798195,0.0001087648179041989,0.49695187212296094
zsl_metrics_index1856000: 67.55048022408485,26.612802534855557,0.0036394423173717106,0.5098510094731864
zsl_metrics_index1888000: 66.86136650762015,24.995433599002492,0.0022343472099996915,0.49844253601411936
zsl_metrics_index1920000: 64.53624954045227,24.594851634938426,-0.0038001632784248974,0.485237302543398
zsl_metrics_index1952000: 61.82908127942719,24.01013263867783,0.009460362619738453,0.4640598319189124
zsl_metrics_index1984000: 62.78873652582844,23.597058472096126,0.0014468866609001747,0.4713497560805348
zsl_metrics_index2016000: 68.369662001077,25.485765693596036,-0.007216207921934872,0.5138746530651668
zsl_metrics_index2048000: 65.31041811030904,25.534333196939148,-0.005396113911955046,0.48906259572283955
zsl_metrics_index2080000: 59.26999725375386,22.393285153467147,0.006073352386654488,0.4421690177462894
zsl_metrics_index2112000: 70.21103769811951,26.78547506694268,0.0031063035560364954,0.526333842681035
zsl_metrics_index2144000: 57.917505830528796,21.712949952633686,-0.003019865371269782,0.4337563003360119
zsl_metrics_index2176000: 60.281953281278035,23.20602725599017,-0.008737267465823132,0.45213242533140763
zsl_metrics_index2208000: 65.32279370493262,23.937243273090562,-0.012702194268168347,0.48791788636869055
zsl_metrics_index2240000: 55.629893816130725,21.712797483460527,-0.002434874263325292,0.41950004028200805
zsl_metrics_index2272000: 59.92681228422718,21.944551925824527,0.005671613030146056,0.44914890582485206
zsl_metrics_index2304000: 53.06527675050479,20.796670266086732,-0.004693142676589624,0.4008437323009008
zsl_metrics_index2336000: 53.910105715420286,21.272811673312763,-0.009082818396134925,0.40499433703708504
zsl_metrics_index2368000: 53.9749124939355,20.97926786439221,-0.009612972606740879,0.40512279261256257
zsl_metrics_index2400000: 51.15551810669696,20.115345781038208,-0.0027231732119237274,0.3849989487753584
zsl_metrics_index2432000: 51.9798845117938,19.66535214793907,-0.012694414453814248,0.38772823606624907
zsl_metrics_index2464000: 66.03866476252841,25.10702721448282,0.005498366985132954,0.4911496075697124
zsl_metrics_index2496000: 68.15741882960604,25.92899378050952,-0.0006115164895865135,0.5063362706277692
zsl_metrics_index2528000: 63.75731052629584,24.064880439248704,0.002739087963114519,0.4792923665242041
zsl_metrics_index2560000: 66.1238110570315,25.062485647767765,-0.0005565956448212228,0.48838053431486006
zsl_metrics_index2592000: 71.74673222200441,28.34627789283504,-0.0006006249311183463,0.5389391507788507
zsl_metrics_index2624000: 73.92252228270742,27.277752776883567,-3.587894959234017e-05,0.5470155886693415
zsl_metrics_index2656000: 71.10920199301358,26.628331731500193,-0.0003551216806106585,0.5306908859494623
zsl_metrics_index2688000: 72.76032626503738,27.192574165972474,-0.0023494690319010407,0.5361732080603403
zsl_metrics_index2720000: 65.89607164746302,25.17356075718571,-0.0017979787822065946,0.4918255554542161
zsl_metrics_index2752000: 72.06586954251677,27.42411862940468,-0.007974950700076075,0.5373389636751496
zsl_metrics_index2784000: 74.97290522998888,27.486754631412015,0.0006683053550089983,0.5617979654526468
zsl_metrics_index2816000: 72.61694830767223,26.72707170924383,0.0001331171823771422,0.538032726686127
zsl_metrics_index2848000: 73.01960718471302,27.099791636520855,0.00263737334135552,0.5411002889596829
zsl_metrics_index2880000: 60.05072118967976,26.09314998730165,0.007219364334240848,0.4553451431860017
zsl_metrics_index2912000: 65.1829692106446,24.0994785323716,-0.0011330598877561662,0.4907478384867275
zsl_metrics_index2944000: 69.0653707040621,25.5507355043396,0.0020052909207300506,0.515057793066353
zsl_metrics_index2976000: 69.97739005668109,25.76572660464329,-0.0049274077575938964,0.5180555429937655
zsl_metrics_index3008000: 69.90790082708357,28.263695754335842,-0.0009693330213063845,0.526302694421861
zsl_metrics_index3040000: 55.639838081907875,22.681003868477198,-0.004050158458848246,0.41916067407459184
zsl_metrics_index3072000: 62.28687766135836,23.56743643131129,0.002321049487552394,0.46368605083269415
zsl_metrics_index3104000: 68.50283222939537,25.043118857174882,-0.0018255794320190676,0.509227744684636
zsl_metrics_index3136000: 57.63622687826694,21.45429145411964,-0.003648843452652651,0.42893897286429417
zsl_metrics_index3168000: 52.33852699792915,20.703536760310918,-0.007501168957204453,0.3936854686969497
zsl_metrics_index3200000: 52.035906775720186,19.304554182610033,-0.007999883027582592,0.38708781341576526
zsl_metrics_index3232000: 47.24020843440233,18.50316503825384,-0.005139415422047856,0.35535839161622634
zsl_metrics_index3264000: 53.20955715888012,19.883549265885076,0.011445935086396847,0.39751221932117126
zsl_metrics_index3296000: 54.36936119073693,21.108114455151707,0.011284796309936172,0.40693232760922726
zsl_metrics_index3328000: 59.617842421220764,21.975565217059053,0.0069083680295955645,0.4411455661936004
zsl_metrics_index3360000: 68.51189221785519,25.798174101391595,-0.004062477878832325,0.5165886182501307
zsl_metrics_index3392000: 59.411417101062774,22.953805129227266,0.0033433952681722005,0.44193574259847834
zsl_metrics_index3424000: 61.34594001613985,22.56340533881543,0.001319760897493969,0.4622036124549152
zsl_metrics_index3456000: 62.72685563597605,23.42044036638318,0.00608883818999562,0.4678364443487418
zsl_metrics_index3488000: 62.85015054402167,23.28651557591006,0.0029403026805969856,0.4706968381662761
zsl_metrics_index3520000: 65.95237680138777,24.35073031262926,0.007179639885051927,0.4918283099427848
zsl_metrics_index3552000: 64.55320056190907,24.066996621415573,0.0021101587804762054,0.4889399580307505
zsl_metrics_index3584000: 66.95316669296653,27.147614573104853,-0.0008473285109919693,0.5056861295128265
zsl_metrics_index3616000: 73.07794090564593,26.45458302900394,0.005452972571928157,0.5470004835068669
zsl_metrics_index3648000: 67.06564314889046,24.507377878664084,-0.00456007836862728,0.49597090292604773
zsl_metrics_index3680000: 64.40259465759831,24.428347949480838,-0.005232810860859191,0.48079210695940966
zsl_metrics_index3712000: 65.16976139850938,24.083016337377643,-0.004729658499434776,0.488229096201746
zsl_metrics_index3744000: 70.80962367890015,25.915103552941332,0.004665699796841547,0.5309704457384161
zsl_metrics_index3776000: 72.77803810862062,28.312228244754316,-0.002101298223782777,0.546889732367579
zsl_metrics_index3808000: 64.36488844930241,24.123661198268078,0.002158143729151721,0.48125508611899154
zsl_metrics_index3840000: 71.63163421294244,26.211354181439557,-0.0021108966807829943,0.534354954727472
zsl_metrics_index3872000: 64.95256579815627,23.793622138308624,-0.0054396546362463155,0.4806201297142071
zsl_metrics_index3904000: 62.209017244808116,25.109134683253853,-0.004074744587822851,0.4700334295321936
zsl_metrics_index3936000: 65.80808682227529,24.243323540142907,0.0004131529732473975,0.48918204908335405
zsl_metrics_index3968000: 64.25496167189303,23.335284333076036,0.000134686194788995,0.4787455587352784
zsl_metrics_index4000000: 64.45507786194989,24.39074261365081,-0.006338599591811004,0.4832080394946509
zsl_metrics_index4032000: 65.91836237738481,24.325698034584928,0.0013193527141699929,0.4928163168915989
zsl_metrics_index4064000: 65.44834165647718,24.215321298381728,-0.0008984083548460586,0.4967957830491738
zsl_metrics_index4096000: 61.499570400371134,23.044853958489465,0.0002520962984537669,0.4626013119977361
zsl_metrics_index4128000: 59.20851522743728,22.65268654389303,0.006357949525454055,0.4417079936996626
zsl_metrics_index4160000: 63.93444415977871,23.71625549831378,-0.00090859736317819,0.4810177251024647
zsl_metrics_index4192000: 64.52270187745194,23.731183296383417,-0.0009978704684318086,0.4773251496169031
zsl_metrics_index4224000: 54.924543843744424,21.23874452764033,-0.007034258902373016,0.40979281159504355
zsl_metrics_index4256000: 52.324827648073466,21.535672877186553,-0.01210197051412285,0.39268591774810013
zsl_metrics_index4288000: 55.85199879430304,20.815386191440773,-0.0014907454943378369,0.419192046706714
zsl_metrics_index4320000: 58.954440863315064,22.711693379209535,0.0015712428848621025,0.43880855211189596
zsl_metrics_index4352000: 52.43476319045796,19.662510283715353,0.006235526194019764,0.3906326932142485
zsl_metrics_index4384000: 53.66167288041088,20.528503357990317,0.003101523846421093,0.40517985367076087
zsl_metrics_index4416000: 42.40342789885091,16.44590766282489,0.010171027094226414,0.318385113406481
zsl_metrics_index4448000: 43.06046779431115,18.15573190160228,-0.006409141885207616,0.3276025155119909
zsl_metrics_index4480000: 62.84403140321301,25.95225386157877,0.007380302645891501,0.47405459791292165
zsl_metrics_index4512000: 69.54703556257012,32.19051260169798,0.0005401895948810048,0.5389915136267572
zsl_metrics_index4544000: 71.55978129567065,36.82367211349303,-0.002164149359271975,0.5607701786938613
zsl_metrics_index4576000: 86.16116562895235,43.99916751845805,0.0016700554376846077,0.6712180848933821
zsl_metrics_index4608000: 76.35115384846713,44.25930111547366,-0.006016722684288376,0.6015388880720945
zsl_metrics_index4640000: 73.34329290740754,43.72962658972607,-0.000147558401002287,0.6001089291035598
zsl_metrics_index4672000: 89.79445166732755,49.00225773673325,-0.0024641682655021455,0.716321734388377
zsl_metrics_index4704000: 82.9192937565177,49.44350737459205,-0.00040370919863633945,0.6734335737518047
zsl_metrics_index4736000: 74.03150406614296,43.92591904855981,-0.004392922700188742,0.5992387502533355
zsl_metrics_index4768000: 76.92690757690181,45.40474415141217,0.0006547553977786795,0.6258968472663564
zsl_metrics_index4800000: 79.04242552177288,42.9234363570271,-0.012618165696365072,0.6206686402657432
zsl_metrics_index4832000: 74.95939160482332,40.728928968326755,0.00015471456118751448,0.5830407622480047
zsl_metrics_index4864000: 75.87628321752025,41.42880601584296,-0.007701502119492923,0.6032494396942824
zsl_metrics_index4896000: 63.791962628397116,32.513856900088506,-0.0006825723523981834,0.4955827794866574
zsl_metrics_index4928000: 58.62022747122058,28.121344220163238,0.001635248580591981,0.4419571290050671
zsl_metrics_index4960000: 51.09792939136142,22.72998175435236,-0.0065767084633393015,0.38906694336643816
zsl_metrics_index4992000: 45.88316994415056,17.94070244112915,-0.009140370577383415,0.33839115094854944
zsl_metrics_index5024000: 44.73186548936153,18.768701278701233,-0.0016981710024803155,0.33728505523361013
zsl_metrics_index5056000: 47.19300450599481,19.314855369848207,0.000728659083337361,0.3525352533751179
zsl_metrics_index5088000: 46.886874555861375,17.559886352833924,0.00769817086104867,0.3420037992851593
zsl_metrics_index5120000: 46.53664753770993,18.033947479711426,-0.002658042271672281,0.3454972148967105
zsl_metrics_index5152000: 52.5128547178375,19.221488916754122,0.0027908217674330466,0.3820958095349693
zsl_metrics_index5184000: 47.3380057542429,18.782410089110904,-0.006262979575346843,0.35420477261521327
zsl_metrics_index5216000: 51.702770267606475,20.8035255126019,-0.005071027712997049,0.38851323596814513
zsl_metrics_index5248000: 47.381335485553635,18.5427803045435,-0.003902938975793201,0.35413979836614196
zsl_metrics_index5280000: 46.790084922073746,18.437378741042437,0.0033155243674484816,0.34879094910836006
zsl_metrics_index5312000: 47.76172204748563,18.258003491257266,0.007120837813317726,0.35481991524782497
zsl_metrics_index5344000: 44.943699619214144,18.147384948122443,0.008261355829270327,0.34003428047346773
zsl_metrics_index5376000: 53.21655473296747,19.571367142131052,-0.003330306825965495,0.39038664831285186
zsl_metrics_index5408000: 52.04759293698022,19.472867458779568,-0.005804141948166483,0.37905220892990527
zsl_metrics_index5440000: 50.575218021148565,20.14209021356689,0.000730150996588503,0.3765676028994462
zsl_metrics_index5472000: 44.324980664235575,17.976160454856142,0.0021158672141790165,0.3331780813065622
zsl_metrics_index5504000: 49.99038795562973,19.88048528426096,-0.0014296690142555453,0.3724248752277869
zsl_metrics_index5536000: 48.666556679557125,19.637939677016064,-0.002907395244344245,0.36627100462436457
zsl_metrics_index5568000: 49.08919074245401,19.912511306817095,0.0032250533396800886,0.3670163220335938
zsl_metrics_index5600000: 50.42446387110474,20.64292636124883,0.0017758852138422085,0.37607084553606707
zsl_metrics_index5632000: 52.930048254351945,19.770431108046875,-0.0016336520628922248,0.39610479608122445
zsl_metrics_index5664000: 57.37520774972533,22.312916400386133,-0.0001907774423494999,0.42894339340956966
zsl_metrics_index5696000: 52.58040548335771,20.49287901431772,0.00010454745809800503,0.3929371086460643
zsl_metrics_index5728000: 57.209330928927216,21.447160963445878,0.004940545940636073,0.4273710408716878
zsl_metrics_index5760000: 61.97802938929839,24.612929011264097,-0.00048196121048285835,0.4632243314826639
zsl_metrics_index5792000: 58.459391412565324,21.46374977777624,-0.0014483982685509745,0.4325232711134878
zsl_metrics_index5824000: 61.251823818724255,22.91935437425797,0.0016380215691219418,0.4612458431302435
zsl_metrics_index5856000: 61.48580232814292,22.94248452681824,-0.00956982433874779,0.45939096320353195
zsl_metrics_index5888000: 63.00419986124039,23.48726988605883,-5.0221093590471885e-05,0.4690359668618436
zsl_metrics_index5920000: 60.36418712287648,22.314255357267804,0.0016178626291686276,0.45446047120277505
zsl_metrics_index5952000: 63.96654829585685,24.051144939965525,0.0011603337235963887,0.47907471304793814
zsl_metrics_index5984000: 65.0254179410936,23.99171863251502,0.0017157638478046695,0.4874346892562823
zsl_metrics_index6016000: 63.60831344284938,23.660136075510174,-0.007961351679192102,0.47701836574611084
zsl_metrics_index6048000: 57.96178853028988,22.743534580775293,0.0022826903712260932,0.4297536079421141
zsl_metrics_index6080000: 62.41043318925283,23.59214791181702,-0.002708666917336916,0.46895770276307486
zsl_metrics_index6112000: 62.67859237163321,23.461303643963493,0.0015530325421212042,0.46920735288362875
zsl_metrics_index6144000: 64.96266604812806,24.216956679108925,0.0032541818343892587,0.48375007726206576
zsl_metrics_index6176000: 57.51893510110832,25.522199692044193,-0.0029242435774849266,0.4314481055297275
zsl_metrics_index6208000: 62.22888784386985,23.034118729718422,-0.000809885988944727,0.46509969210529617
zsl_metrics_index6240000: 59.98743643123472,22.62119402004881,9.643747377459144e-05,0.44995187249158713
zsl_metrics_index6272000: 60.421492866591024,26.266374363647948,0.00308243403898555,0.45240447316056914
zsl_metrics_index6304000: 59.505693100434854,22.90982303946911,-0.0016328948887699068,0.4262569615225623
zsl_metrics_index6336000: 61.776422453866275,23.19855310093033,0.004227772602039442,0.4628552441944076
zsl_metrics_index6368000: 61.67242576860152,23.041005362731546,0.0029790094994774476,0.45629664231051814
zsl_metrics_index6400000: 54.96945450349768,23.629542017316382,-0.00160880923975138,0.41473330656633
zsl_metrics_index6432000: 55.61744569820656,21.336223770174975,0.001402894465245517,0.4152668886838756
zsl_metrics_index6464000: 60.448367479487544,23.033009976038105,-0.0015840122155779649,0.45282899306426816
zsl_metrics_index6496000: 55.554275699377534,21.626916853892286,-0.001013027672132068,0.41334518556111466
zsl_metrics_index6528000: 59.818908618429816,22.115164110638883,0.0051065702756336135,0.4233055985348279
zsl_metrics_index6560000: 57.099983416064674,22.05220251982517,0.004266785973590284,0.42097855134405027
zsl_metrics_index6592000: 55.08958073484462,21.073075674836847,0.0008697694892845593,0.4074983282539898
zsl_metrics_index6624000: 64.02341197195203,24.605591172741917,-0.0011785476185909474,0.4734385025068946
zsl_metrics_index6656000: 55.22601888114351,21.19562899866581,2.3194881866377416e-05,0.4095408985760942
zsl_metrics_index6688000: 58.17525624629666,21.61334802298904,-0.00015045556090493895,0.42350016644035887
zsl_metrics_index6720000: 56.0220872274803,20.93387480126258,0.0013047263943927474,0.4058736968227227
zsl_metrics_index6752000: 61.48975882258549,27.353247652049905,0.005403578436377334,0.4598031908481123
zsl_metrics_index6784000: 69.4302744383961,26.120363440526802,0.0031345928823896404,0.5117452394661779
zsl_metrics_index6816000: 66.0985380402146,25.049338260712958,0.00032244782326617784,0.4927235733135475
zsl_metrics_index6848000: 60.59181164161965,22.883413038479514,0.0018866736324729954,0.44867126608654434
zsl_metrics_index6880000: 52.99522432543356,21.550698133125724,4.484939016196332e-05,0.3979599869221931
zsl_metrics_index6912000: 69.6023355459249,27.01738319265284,0.0027248614211992754,0.5229192670807393
zsl_metrics_index6944000: 67.62553372870292,25.570741148316056,-0.00011493371722839907,0.502962975536916
zsl_metrics_index6976000: 67.66288185233212,25.49117418456013,0.0020586027301328453,0.5043391220221393
zsl_metrics_index7008000: 73.30968804685148,28.722537158911337,0.0012670629048649716,0.5454320686085575
zsl_metrics_index7040000: 67.23068373144832,25.57749554182274,0.0041392453861982285,0.49419172462630717
zsl_metrics_index7072000: 70.32144896342672,26.869950130383156,0.008564840980742434,0.5235528981480605
zsl_metrics_index7104000: 67.7580068935081,25.705001544030388,5.434789524917294e-05,0.5053417894573929
zsl_metrics_index7136000: 66.15885122115883,25.259131264257718,0.0004714634837507958,0.49429873043527034
zsl_metrics_index7168000: 82.25796456904409,33.32438408638305,0.0010823010659266532,0.6138482300906734
zsl_metrics_index7200000: 61.14988931600293,23.820485724194242,0.0009208803817414956,0.44627197430169535
zsl_metrics_index7232000: 63.82808077560204,23.814422586456732,0.0019703719693060077,0.47186564870665254
zsl_metrics_index7264000: 62.174995984216935,23.83363803043117,-0.00523050977021763,0.4610660721475013
zsl_metrics_index7296000: 71.21714134793815,27.2550455609593,0.007527218727312258,0.5232390808871918
zsl_metrics_index7328000: 51.968429202833256,23.258657952541185,0.0005791340323221052,0.39298014575250145
zsl_metrics_index7360000: 55.466907600271185,21.511284859467427,0.0025550804100206584,0.4077869635398817
zsl_metrics_index7392000: 57.03362040998662,22.521365007183853,-0.002569410389177371,0.42612194945598136
zsl_metrics_index7424000: 57.910035392442644,22.36167378742209,-0.0029485761830026764,0.4242611026945718
zsl_metrics_index7456000: 56.0068310523903,22.119255127811847,-0.003484516426403474,0.40178592627195187
zsl_metrics_index7488000: 47.18591064841669,17.57462051564849,-0.004766701353898597,0.33557014025951726
zsl_metrics_index7520000: 47.34464146760541,17.13698119036428,-0.0023237371137316233,0.332714978959858
zsl_metrics_index7552000: 47.64906671156014,19.78391349646174,-0.004943532978639024,0.36359557122714775
zsl_metrics_index7584000: 51.14789076017067,23.925935891470576,-9.081320251133729e-05,0.39821672603760927
zsl_metrics_index7616000: 49.99206526823161,19.84749024797301,7.767935486786026e-05,0.37146777238378675
zsl_metrics_index7648000: 56.28179532392874,21.64163767151814,0.0072212543142590145,0.4078792784359524
zsl_metrics_index7680000: 55.985376331419246,23.714829211774116,-0.004621913205498196,0.4218241322620215
zsl_metrics_index7712000: 61.273299121462415,23.12266051070869,-0.003932722847940313,0.44194181169670327
zsl_metrics_index7744000: 61.673490104664076,23.450351354296664,-0.0015704045187888696,0.4436093615699035
zsl_metrics_index7776000: 57.079968180040346,21.60569369832228,-0.0032537368217686116,0.41188639928236864
zsl_metrics_index7808000: 62.89933264864449,23.731957807041344,-0.0013486731765224472,0.4472518208771468
zsl_metrics_index7840000: 62.96142472715525,24.105211205324462,-0.002465010336822743,0.45921149328137223
zsl_metrics_index7872000: 58.216014635597226,22.957957407772767,0.006096754426268871,0.43628200960205
zsl_metrics_index7904000: 63.89980408259454,25.943203920947024,-0.0015595698826672674,0.4801788216560384
zsl_metrics_index7936000: 63.18513877432865,24.603355660487065,-0.0021651828926138607,0.4689962881981459
zsl_metrics_index7968000: 61.34519954455257,24.186111436179754,-0.0027773633917747595,0.4596553786201097
zsl_metrics_index8000000: 60.30193005503085,23.008297504562513,-0.007166799554902111,0.43676127107839663
zsl_metrics_index8032000: 66.12410917247165,25.377843795777896,0.0020728553842799965,0.4868023184193972
zsl_metrics_index8064000: 63.46325957544017,24.97851401683391,0.0005775264842122608,0.47583505256484987
zsl_metrics_index8096000: 67.41809889637499,26.588132276356912,0.006609327428058757,0.48588523327865
zsl_metrics_index8128000: 62.83001504735594,23.830796844451296,0.0015769286283597527,0.4599240326693657
zsl_metrics_index8160000: 64.2013533581544,25.22727198062325,-0.0007066040551631163,0.4823055194653943
zsl_metrics_index8192000: 59.465611712127846,24.120301085104657,-0.001239682426248769,0.4459411643978622
zsl_metrics_index8224000: 59.712677987699394,23.312700263222933,-0.00435433654356968,0.44189178033962684
zsl_metrics_index8256000: 65.6883568264731,25.63211077703485,-0.004027251991049779,0.4859134376778667
zsl_metrics_index8288000: 56.60319255078526,24.45706312326602,-0.004276199492981462,0.43068237426011496
zsl_metrics_index8320000: 59.17687226068982,23.29447333698976,-0.003159230392296624,0.4250693681345279
zsl_metrics_index8352000: 60.86037842111601,23.65617451068713,-0.005110617470243823,0.4518037398977104
zsl_metrics_index8384000: 60.84353279323163,23.639454813484797,-0.00022419962876765,0.45086900164276983
zsl_metrics_index8416000: 63.02806215997835,25.37100883300401,0.001605004200212958,0.4578929866019044
zsl_metrics_index8448000: 56.509341869545594,22.090394129237364,0.003162659436872335,0.4232474452093392
zsl_metrics_index8480000: 56.78472253264212,21.28825717232947,-0.0006014749564963741,0.41026987441727897
zsl_metrics_index8512000: 55.5116867815983,21.975444552291403,0.0031495906339017218,0.40596008806120076
zsl_metrics_index8544000: 58.341592386458636,23.85971170804809,-0.0016528516399003,0.4285132440657608
zsl_metrics_index8576000: 52.98729788354217,19.85750126282681,0.005731322019665507,0.38211720422959267
zsl_metrics_index8608000: 56.80970421885251,22.37552101667259,0.0038631139207010094,0.41236844640943837
zsl_metrics_index8640000: 57.211059264090146,23.17010248672312,0.00032002560540775484,0.4106166667802001
zsl_metrics_index8672000: 60.26687530020784,28.1800573692735,0.0017115728496283479,0.44733567314919737
zsl_metrics_index8704000: 70.24954941140228,29.318980880572305,-0.004538237269108967,0.4743178421118895
zsl_metrics_index8736000: 64.15349073017835,34.14822945024953,0.005261582074682854,0.49846463534126106
zsl_metrics_index8768000: 68.96848758757528,36.655267618486945,-0.0057196998330182125,0.5408833525266785
zsl_metrics_index8800000: 81.2191182334967,43.56251208844617,-0.005747058596389799,0.6480401477438787
zsl_metrics_index8832000: 71.16444713501915,39.618908584009624,-0.004242654781016923,0.5651161659020396
zsl_metrics_index8864000: 77.41624875305831,42.89873848291907,0.0062457314348846795,0.6128068056052907
zsl_metrics_index8896000: 85.94967839973405,45.93027874632035,-0.002115473733518638,0.6416758654590892
zsl_metrics_index8928000: 72.16544182403746,41.53452979794038,-0.000736639978758776,0.5782307559508235
zsl_metrics_index8960000: 75.94251125624959,41.83909313184971,0.0005308928177909831,0.5895796473909206
zsl_metrics_index8992000: 68.31073323685816,35.86045451228669,-0.0013399665025872177,0.535549474440011
zsl_metrics_index9024000: 64.30304603155457,34.45617415010578,-0.00432566965322232,0.5019374324718072
zsl_metrics_index9056000: 62.42165461306677,29.653332121993834,-0.001979548092206951,0.4608645505326167
zsl_metrics_index9088000: 58.585878550306134,29.7945165503034,-0.007048954647674862,0.44806810409329356
zsl_metrics_index9120000: 51.95204103036596,24.65999535603997,0.00030705329250796653,0.39751632434876055
zsl_metrics_index9152000: 44.267504881040836,18.84533523989385,0.002257164353300929,0.3311152083810963
zsl_metrics_index9184000: 42.69962347720307,17.75670438015197,0.0014156779892073694,0.3268115768170951
zsl_metrics_index9216000: 52.73971912491556,19.590330838065746,-0.004422817966540596,0.3670372754153676
zsl_metrics_index9248000: 50.886857421596794,20.888635945267055,-0.0004241771507919321,0.3839402892623645
zsl_metrics_index9280000: 45.302261489378786,17.216318778908946,0.0031290502307956838,0.33217748037499834
zsl_metrics_index9312000: 48.613694470565044,19.716876754506295,0.004383448993386427,0.36697311938085075
zsl_metrics_index9344000: 46.37941694680844,19.81839346534684,-0.005272920941407622,0.35380306029778796
zsl_metrics_index9376000: 54.001157425414405,20.3999907847456,0.0013241373306798975,0.38269389320481256
zsl_metrics_index9408000: 49.910835613061586,19.99098852618962,-0.0024763236444387284,0.3700017261922314
zsl_metrics_index9440000: 48.446385860184904,19.771050490823086,-0.006982339911147235,0.36370770958051785
zsl_metrics_index9472000: 42.915015737327224,17.121638536110833,-0.003119405972923331,0.32459474184606263
zsl_metrics_index9504000: 50.61217923102439,20.551507186543454,-0.002183075020734087,0.37971769307689834
zsl_metrics_index9536000: 49.204077579992266,19.227311677284987,0.000706699272647465,0.3611401415707988
zsl_metrics_index9568000: 47.3878201301011,19.09650052768761,0.004175726395316093,0.35878036099062316
zsl_metrics_index9600000: 46.21522044529917,17.01491943165763,0.001068147884028641,0.3280272753803101
zsl_metrics_index9632000: 49.816124343002755,19.9518659154015,-0.00244613562116781,0.368079861700179
zsl_metrics_index9664000: 46.47505952947894,17.705990184067897,3.0489732079080678e-05,0.33901366799064886
zsl_metrics_index9696000: 46.74589991683601,19.3909052809822,0.004410836397017446,0.35457174144197956
zsl_metrics_index9728000: 43.16953008534192,17.081134942637174,-0.0019222555564067073,0.3166238141030476
zsl_metrics_index9760000: 48.46206244049572,19.096309475419027,0.006570932429477413,0.36344403785462154
zsl_metrics_index9792000: 53.348932670408544,20.453639513802283,0.0013772589949033738,0.3968322209035503
zsl_metrics_index9824000: 57.058500581459896,22.14402466547268,0.003641962649737086,0.42219544142176885
zsl_metrics_index9856000: 56.716343173480475,21.22018581858591,-0.007417266981259842,0.4216985694936354
zsl_metrics_index9888000: 55.61075192407877,20.904659163128706,-0.004107038951907941,0.4149995051963366
zsl_metrics_index9920000: 53.96239920266962,22.442998592032858,-0.0019112858233834992,0.40484622844419293
zsl_metrics_index9952000: 62.0395013217624,24.21342224769348,-0.002299456875661989,0.46585458643084166
zsl_metrics_index9984000: 63.73954118353558,23.554453436191203,0.0017071842848786533,0.4746999961723939
zsl_metrics_index10016000: 58.066524110649205,21.71057343497967,-0.004504345356488998,0.4359139190614839
zsl_metrics_index10048000: 58.094277896978575,23.38755030395021,-0.0034823196569221003,0.4325656777492054
zsl_metrics_index10080000: 64.73315455781562,23.893755718548988,0.0014706792536526335,0.4871216422974847
zsl_metrics_index10112000: 67.5744210457614,24.940588468877056,0.002672202763883239,0.5027129263067477
zsl_metrics_index10144000: 66.07371568205231,25.415338771996492,0.0014568761053245206,0.49642621221599736
zsl_metrics_index10176000: 65.90041958984798,24.366174591383004,0.000502856197547557,0.4938918809858398
zsl_metrics_index10208000: 63.317987855276726,22.98147304083857,5.1088058600411215e-05,0.47263228082507236
zsl_metrics_index10240000: 65.96686584324796,24.556130208485325,0.0015690560439280262,0.46694465627907106
zsl_metrics_index10272000: 59.67672058037446,23.21210475801505,-0.0006584125453673391,0.44692883068678907
zsl_metrics_index10304000: 64.43796331891438,23.42204361374317,-0.0025583565041895815,0.4816862515132817
zsl_metrics_index10336000: 64.00338453810802,23.566730905929138,-0.001366807487223856,0.47504297105952964
zsl_metrics_index10368000: 61.27178388464927,25.700043551331895,-0.003932154289220829,0.4545280722032839
zsl_metrics_index10400000: 60.67677032704424,24.97846038255266,-8.231682710478339e-05,0.45216019312914346
zsl_metrics_index10432000: 63.94950970897875,23.575528116820756,-0.001955145547828666,0.4804117431642152
zsl_metrics_index10464000: 66.25186245365106,24.640652073393166,0.0010428851932345298,0.4965948089025883
zsl_metrics_index10496000: 60.42476393908221,24.661307261561166,-0.0008300197563080376,0.4577034427438872
zsl_metrics_index10528000: 68.15687048460353,25.022470377530432,-0.001739284956848077,0.506486319817406
zsl_metrics_index10560000: 65.35753659399367,24.17116127017488,0.007131620025309373,0.4919685996388818
zsl_metrics_index10592000: 61.60146022800535,23.30162973473392,0.001318583740469185,0.460767874058678
zsl_metrics_index10624000: 62.39832574722017,23.54118826071587,-0.004554255158570703,0.4644562024509569
zsl_metrics_index10656000: 68.12269100727586,25.04085095556159,0.004003337196528248,0.5166078545772719
zsl_metrics_index10688000: 59.94078835477684,22.16378223761251,-0.0007862757629678465,0.44978391783397376
zsl_metrics_index10720000: 51.469695682010915,19.98906319078675,0.002686037836688877,0.38617370045703175
zsl_metrics_index10752000: 60.24933573467601,22.317945581591392,0.008348383018327214,0.4498628849163323
zsl_metrics_index10784000: 58.8353674241428,21.82702392845293,-0.000914990284612072,0.44134392805844647
zsl_metrics_index10816000: 50.79672036688687,20.60250692658675,0.000699941013035287,0.37906310399496923
zsl_metrics_index10848000: 50.729371179814436,19.499343494477998,0.001966558726149884,0.3795925977680179
zsl_metrics_index10880000: 48.758899784904486,18.705059943358748,-0.003306176722701033,0.3644151296955547
zsl_metrics_index10912000: 48.43813075268676,18.86433924612428,0.003347568995026605,0.3623989103246818
zsl_metrics_index10944000: 51.12395685536818,19.26164795319311,-0.001114251656377002,0.37511533000031444
zsl_metrics_index10976000: 61.63956609893934,22.728337427378868,0.0012563616973253074,0.4543306950585153
zsl_metrics_index11008000: 61.45953103530552,22.59415447203818,-0.0002398477424542218,0.4565868365852555
zsl_metrics_index11040000: 60.735654251165826,22.313397565082273,-0.0036716191791423096,0.4516681926216626
zsl_metrics_index11072000: 58.12767064733746,21.640299989634737,-0.008642086785883131,0.435189620707305
zsl_metrics_index11104000: 49.377603768638004,20.83505233827706,-0.0030089476359459514,0.37118434439207937
zsl_metrics_index11136000: 68.76918043741924,27.19028998779197,-0.003421992195627908,0.5180892917331146
zsl_metrics_index11168000: 70.20681340603737,25.98359376955554,0.004015992359230989,0.5268967903516683
zsl_metrics_index11200000: 72.38410050940533,27.10541777042226,-0.006622320153265214,0.5450581101647608
zsl_metrics_index11232000: 63.60421148417087,23.341532091024067,0.0026444214116840784,0.4728176328384893
zsl_metrics_index11264000: 61.428452610322815,23.949271292258356,-0.001622971720857774,0.4597782164317513
zsl_metrics_index11296000: 77.78825627809469,28.384968212464067,-0.0008294303851748466,0.590399067353118
zsl_metrics_index11328000: 72.77534731023961,26.50250651326233,0.0015836157928229477,0.5516079924412939
zsl_metrics_index11360000: 70.67220824736432,25.82473072025509,0.004122091775856485,0.5270255223198743
zsl_metrics_index11392000: 58.871147080783906,25.057134460149754,0.008618010383649137,0.44660019697341774
zsl_metrics_index11424000: 54.97622212967655,24.174794088519544,-0.00017706343754164778,0.41302471126370977
zsl_metrics_index11456000: 63.098303811882346,23.840101825722467,0.00336125134833225,0.4656877491202047
zsl_metrics_index11488000: 68.83338458788684,24.91509824998045,0.00032193885696859235,0.5102476236177799
zsl_metrics_index11520000: 68.07059481476882,24.889121799792665,0.0030716689348730553,0.5079389786892999
zsl_metrics_index11552000: 65.75402750667149,24.137060482861326,0.00018930426454406924,0.4930783450332135
zsl_metrics_index11584000: 62.21255411463401,23.257414206465285,0.002718777083647874,0.46647771944059735
zsl_metrics_index11616000: 62.363017726532114,23.219280187316535,-0.0012603293332527775,0.46566505449758405
zsl_metrics_index11648000: 67.34457090831516,24.82461050503542,-0.0011266080631448245,0.5101031012960506
zsl_metrics_index11680000: 62.44270553668676,22.844873815871836,0.00126428307433802,0.4667613016453025
zsl_metrics_index11712000: 62.24065049527343,25.151233766852712,-0.001810764029830179,0.4711725041984829
zsl_metrics_index11744000: 53.44757642479635,20.995048991024046,0.010219447853041227,0.39467700194283184
zsl_metrics_index11776000: 48.86124790608704,18.73621711496094,-2.9973238046548723e-05,0.3609664604405994
zsl_metrics_index11808000: 50.86951203403012,19.367953558471932,0.0018889095508077185,0.3782863416438397
zsl_metrics_index11840000: 51.48647537059725,19.31888845333024,-0.00215413683425556,0.3843632116540685
zsl_metrics_index11872000: 55.33052345535993,20.571810148100305,-0.0028602378995201934,0.4129503855304443
zsl_metrics_index11904000: 58.007133114276044,21.959559498756978,0.0033130911493645366,0.43025886104549005
zsl_metrics_index11936000: 57.70603050252192,22.715676937518644,0.0014876465598246762,0.4313811526696554
zsl_metrics_index11968000: 56.39990388556398,21.127000872149395,-0.003540179275685321,0.4229955898977731
zsl_metrics_index12000000: 59.55636260300167,22.24308902833608,-0.0077740292765940905,0.44708755649466453
zsl_metrics_index12032000: 57.56805857955702,22.349020917765838,0.003948958452656852,0.4299068262057585
zsl_metrics_index12064000: 64.79701887749937,24.694919123559743,0.00014783652378565825,0.49153392965883763
zsl_metrics_index12096000: 63.04264372783333,23.33671346990505,-0.004464812390563816,0.47242439657569324
zsl_metrics_index12128000: 57.31175664001594,21.31187709165095,0.00028812738095105716,0.42806240726491496
zsl_metrics_index12160000: 64.37131945222582,24.409842134468544,-0.0028170311089816265,0.48096290941509073
zsl_metrics_index12192000: 68.5129654704323,25.26805460910382,-0.004486436891454437,0.5158504031583744
zsl_metrics_index12224000: 63.845470330383854,23.155370330028088,5.291461502069694e-05,0.4778880034748618
zsl_metrics_index12256000: 64.39831188436857,25.836043754053218,0.0022759677292581927,0.4859107083392082
zsl_metrics_index12288000: 65.09776454214543,24.02481114442763,0.002743597457948697,0.4857680084873744
zsl_metrics_index12320000: 62.087477380808146,22.77795391764064,0.0037712829352131642,0.4637598819211484
zsl_metrics_index12352000: 63.65962244158418,25.195659897724962,-0.0019671440124717637,0.4785668623242397
zsl_metrics_index12384000: 68.90380318074976,25.04728241643361,-0.003297027980780546,0.49309167151822375
zsl_metrics_index12416000: 62.86207113792911,23.11012724074193,0.00226848238630525,0.4704644911560994
zsl_metrics_index12448000: 63.26897723906641,23.177119401686884,0.004111834106884847,0.46820270839864625
zsl_metrics_index12480000: 65.6248812820672,25.147589435883695,0.0010029595591829045,0.49281335265164694
zsl_metrics_index12512000: 66.37073031326426,26.400459856612315,0.002958054407156983,0.4988179237228599
zsl_metrics_index12544000: 62.563220552121805,22.9296680966749,0.00022005051042707803,0.4693332334401104
zsl_metrics_index12576000: 64.64748668162063,24.694238175573744,0.0031812613792847532,0.48631772456331324
zsl_metrics_index12608000: 60.1553970941556,24.48979086432728,0.000800161126898899,0.45053216739095553
zsl_metrics_index12640000: 62.50680848663702,23.00197799135694,-0.002994685599122972,0.4648172998915813
zsl_metrics_index12672000: 61.08117914919091,22.456630825197713,0.004720099753728746,0.4523019256869887
zsl_metrics_index12704000: 62.70298579542174,23.96348584157324,-0.0007963896960008534,0.46775480187097906
zsl_metrics_index12736000: 58.83187207237878,22.34609795523394,0.0018748070610928105,0.43833962415605654
zsl_metrics_index12768000: 62.03763034549958,23.133017879101402,-0.001474854477461236,0.4641547684235101
zsl_metrics_index12800000: 61.48777445019049,23.895530399830452,0.002924650479301371,0.461266515122553
zsl_metrics_index12832000: 55.424520921826,21.48701523927268,-0.004551593977432854,0.41631481664798103
zsl_metrics_index12864000: 56.82428887404656,21.30176700990084,0.0025378113114702433,0.4215366686152611
zsl_metrics_index12896000: 51.073820156386894,20.59021087161659,-0.002078239901932633,0.3844193836610011
zsl_metrics_index12928000: 54.84263302899028,20.879871039264867,0.008449085625966487,0.4102046407187367
zsl_metrics_index12960000: 54.104324150721936,20.13816627855506,-0.003015439280980968,0.3967068528766624
zsl_metrics_index12992000: 55.10091387417674,26.518557767088566,0.0021194144985029646,0.4215004074915201
zsl_metrics_index13024000: 57.627585590331314,28.117710426544708,0.006410710870816496,0.44180221022548855
zsl_metrics_index13056000: 66.35431677485045,32.76333858362207,0.002573028619154604,0.5143116995965213
zsl_metrics_index13088000: 68.6762624118708,32.90335066190019,-0.0034122580878399307,0.5367757703271111
zsl_metrics_index13120000: 71.03477204717437,38.632076700946996,0.006476031242522195,0.5661992534783429
zsl_metrics_index13152000: 71.88803380827186,37.916314844386584,-0.008093780912898663,0.5670828924162403
zsl_metrics_index13184000: 74.42137390304836,39.01325589678625,3.814628569380041e-05,0.5861832567132624
zsl_metrics_index13216000: 71.56753592136313,38.15426174513572,-0.010155341604668362,0.5690643546456562
zsl_metrics_index13248000: 79.02483341530017,38.959063981301284,0.004069206708465897,0.6076146948516256
zsl_metrics_index13280000: 66.13482024619421,34.33138710074679,0.0011472762462730777,0.5179472191551072
zsl_metrics_index13312000: 63.6593830247467,31.058094308375477,0.006406072298387607,0.5005872252852164
zsl_metrics_index13344000: 64.06278648666083,30.594968504969305,-0.0011676963079445897,0.49109615197344886
zsl_metrics_index13376000: 55.9297141097439,26.591797117245285,-0.008359083261866606,0.42860776500816505
zsl_metrics_index13408000: 53.05728630978234,20.92368404671674,0.012515696253260749,0.3992227898598181
zsl_metrics_index13440000: 50.509062682126874,20.301203934543516,-0.004016066184401708,0.3783988763640969
zsl_metrics_index13472000: 48.02433437044196,19.233094426781495,0.008621604030899475,0.3603021423748598
zsl_metrics_index13504000: 45.32222983296792,18.672736502785895,0.001623944154633659,0.33970518319972487
zsl_metrics_index13536000: 56.968367750531904,21.183654888038735,0.012395712557331936,0.4266781399738658
zsl_metrics_index13568000: 52.83965320048257,20.83514740409648,-0.009014695272879812,0.39763531216724
zsl_metrics_index13600000: 47.9725441420253,19.181726952211488,-0.007545892829934985,0.36292847809952794
zsl_metrics_index13632000: 48.7979815793347,19.66156447823647,-0.005236077461848693,0.3661997251696661
zsl_metrics_index13664000: 65.2793770382257,23.968677807932067,0.006126829489214974,0.48294362421240494
zsl_metrics_index13696000: 48.915781147905534,19.55618459618921,0.0054940152913438515,0.36772324829025727
zsl_metrics_index13728000: 64.90175308109376,24.63104435733588,-0.007831412353809436,0.48864350925672917
zsl_metrics_index13760000: 69.85822058679483,28.01532799653008,0.00036524585144590515,0.5281867659032843
zsl_metrics_index13792000: 68.67268255498972,25.46545480553189,0.002569592025941218,0.5125100546640654
zsl_metrics_index13824000: 56.316725594380976,22.913010324731978,-0.00012326966186777667,0.4236334034179869
zsl_metrics_index13856000: 67.18840778842177,25.404095190447368,-0.00138708113860182,0.5001822685707089
zsl_metrics_index13888000: 63.748867959938494,24.568547528682398,0.0006850403118404964,0.47927238919751924
zsl_metrics_index13920000: 64.19614391571201,24.48180907837379,-0.0013064107901888783,0.4789865761561722
zsl_metrics_index13952000: 65.50315403299663,25.31245322186304,0.0028003099768015324,0.4874097338140137
zsl_metrics_index13984000: 66.62056865368343,25.065710063378233,-0.005588107056590345,0.49990810620027215
zsl_metrics_index14016000: 61.71617676382549,23.913324529000878,-0.006888029632057689,0.46132409717397954
zsl_metrics_index14048000: 62.480296153545495,26.826469113030253,-0.0009701684461884281,0.4717549822643807
zsl_metrics_index14080000: 68.94544056585221,26.069130165579494,-0.00641581707471777,0.5150387671662942
zsl_metrics_index14112000: 63.05602165536315,23.965833081863888,0.0014855147668979085,0.471164153087215
zsl_metrics_index14144000: 68.78095564768664,26.889649918068823,-0.009879332704442108,0.5154648043801626
zsl_metrics_index14176000: 74.15679452131447,28.533729301403696,-0.01678406303889988,0.5520229312542605
zsl_metrics_index14208000: 72.0755684253555,26.85440695372501,-0.002906571210863451,0.5374856051171321
zsl_metrics_index14240000: 67.17145420691207,26.027030841124077,0.006978654846844975,0.5057419253363692
zsl_metrics_index14272000: 59.947466911976704,25.871808383440683,-0.00223182015301496,0.4573846365239216
zsl_metrics_index14304000: 74.41721388803181,28.835152489694096,-2.512445659457052e-05,0.5572043318934451
zsl_metrics_index14336000: 68.6578640095534,26.182195347078594,-0.006495616178108619,0.5172808922380406
zsl_metrics_index14368000: 74.72398171198272,27.591151002252595,-0.0033719489950840027,0.5528113522237361
zsl_metrics_index14400000: 64.9762828771971,25.15594920382377,-0.002807301087839845,0.4935603237688313
zsl_metrics_index14432000: 66.11789841989601,25.117045322900964,0.0021511655511099394,0.4953636538814821
zsl_metrics_index14464000: 71.24509259666836,26.397530823887738,0.004756497884077072,0.5281751803575178
zsl_metrics_index14496000: 60.276394192189386,23.624366578803535,0.004883055777580547,0.4513634981042968
zsl_metrics_index14528000: 65.36746349452798,25.317490068339964,-0.001130784177466345,0.4903053065632743
zsl_metrics_index14560000: 66.39199613892502,25.67240197579303,-0.0028198483945230386,0.49946869652161036
zsl_metrics_index14592000: 59.6604334588031,25.71818940405257,0.003283322346466542,0.45066307013859036
zsl_metrics_index14624000: 59.225092254643066,22.903623608965216,-0.0072348546245948825,0.4422962513668625
zsl_metrics_index14656000: 67.49969016963024,23.883237599595716,-0.000439238876894255,0.5006565993002171
zsl_metrics_index14688000: 58.076226887830636,24.819737765905124,0.0053289684113802475,0.4398031669761794
zsl_metrics_index14720000: 57.188426194352665,21.832613886273318,-0.016949729691134133,0.42541937005689956
zsl_metrics_index14752000: 53.578496740121466,20.976108301343196,0.015238019832691456,0.4010760390056359
zsl_metrics_index14784000: 55.14424628442327,22.877933751477062,-0.0004040321859056166,0.4156725360067743
zsl_metrics_index14816000: 50.95995707411278,18.503999898242757,0.00030858507584339276,0.3793360728511763
zsl_metrics_index14848000: 40.585717077759035,17.579895511874795,0.005058828370416458,0.30997623204995417
zsl_metrics_index14880000: 61.504868988929935,21.832897844899772,-0.0005269136443646261,0.4526533859839421
zsl_metrics_index14912000: 56.08680788546898,22.102672601081203,-0.0055506080181256115,0.419492336537456
zsl_metrics_index14944000: 51.442953923514125,20.58797846170504,-0.008032175964319642,0.3873636243463492
zsl_metrics_index14976000: 55.15985462059954,22.778093518280862,-0.0036602663018681526,0.4158474095126434
zsl_metrics_index15008000: 57.96400722341918,23.430577142824454,0.015595825395325719,0.43612887651048154
zsl_metrics_index15040000: 62.15007385222969,24.65018531121589,-0.0024481530168538276,0.46888526709977757
zsl_metrics_index15072000: 62.18264515993727,23.89291675699565,0.006801696828114854,0.4641594413847977
zsl_metrics_index15104000: 67.316812870242,26.531500750386332,0.012717819945561683,0.505740504573091
zsl_metrics_index15136000: 60.39020153965284,24.95967847535665,-0.008099398817035015,0.45644720667526556
zsl_metrics_index15168000: 65.49093040333928,26.414765770924813,-0.00036812871458827924,0.49383684993473853
zsl_metrics_index15200000: 71.9303612461113,27.858643530332394,0.009379331445725761,0.5378323246338793
zsl_metrics_index15232000: 70.1140644745363,27.478145523039263,0.0015464610005786615,0.5271322541096756
zsl_metrics_index15264000: 71.71734409107032,27.92669936861539,-0.00332049962636309,0.543088266616377
zsl_metrics_index15296000: 68.5239876424355,29.797342056263318,0.007523728218755613,0.5184063334522642
zsl_metrics_index15328000: 70.86805624850179,28.892004807363545,-0.0032021347210166706,0.537953297010498
zsl_metrics_index15360000: 77.58511970916777,29.21765634841336,0.010260022152691946,0.5782891179597964
zsl_metrics_index15392000: 70.47407044517311,27.565084545619865,0.00010937671285701312,0.5313218679732858
zsl_metrics_index15424000: 71.70792999588687,28.091040822020037,-0.006631962932740908,0.5406445966863485
zsl_metrics_index15456000: 62.38837949359637,28.981067634282546,-0.003025117238052202,0.4828016856208634
zsl_metrics_index15488000: 64.38512348292949,28.582048011614823,0.006067153092492854,0.49006415128982633
zsl_metrics_index15520000: 65.20384882710228,25.690775202218067,0.005468024912530492,0.4891562129426379
zsl_metrics_index15552000: 66.93779805923994,26.886729146604168,-0.0005240807744790743,0.5051884092213461
zsl_metrics_index15584000: 67.92675988840556,26.617125835007496,-0.011053871605073946,0.5095024480646366
zsl_metrics_index15616000: 63.39261934946399,24.462975023399828,0.015341285178378156,0.4733511078318567
zsl_metrics_index15648000: 56.16275553119583,22.62119689153084,-0.00022100939709776668,0.4203473853324594
zsl_metrics_index15680000: 57.58018872035063,23.121740450779473,0.007444753575765028,0.43325766334973925
zsl_metrics_index15712000: 67.34299847614446,25.54888016759243,0.014328411844808727,0.5024460664165307
zsl_metrics_index15744000: 55.8326982946404,22.150165030097927,-0.022607115370883057,0.4192155850594751
zsl_metrics_index15776000: 50.42126680762913,20.57046241169307,-0.01711399490118566,0.38329189874107267
zsl_metrics_index15808000: 53.83133352245379,19.617465776746435,0.010066467645342407,0.3990501603094449
zsl_metrics_index15840000: 311.39656421807433,165.1489993915039,0.07286183531738313,3.4392303963336777
