zsl_metrics_index0: 117.10542886543365,53.496326049435986,0.009704111249622923,0.9151064430454159
zsl_metrics_index32000: 116.4708685371862,53.49662779021224,0.005254537830858264,0.9091617983336365
zsl_metrics_index64000: 117.26142383725656,53.413376337479114,0.008379562263179714,0.9167549488726867
zsl_metrics_index96000: 117.3529848669534,53.444887307206116,0.009336295618149837,0.9156419518649607
zsl_metrics_index128000: 117.30705106727211,53.48372047577981,-0.007146645431516489,0.916376355017586
zsl_metrics_index160000: 116.4422280530317,52.99608313200681,0.0019503944506960651,0.908746500461542
zsl_metrics_index192000: 117.33047969596862,53.239833491653044,0.005065374001695901,0.9201777728558429
zsl_metrics_index224000: 116.8621371895835,53.706865147036524,0.009073573239077773,0.9047535167792691
zsl_metrics_index256000: 117.37401266858252,53.51872272102615,-0.004049669454801107,0.9133360190452292
zsl_metrics_index288000: 117.29999620374254,53.2584168441312,-0.003621690780357711,0.9167012188623246
zsl_metrics_index320000: 117.34400064854212,53.38945396244491,-0.013853360825341986,0.9169790136611763
zsl_metrics_index352000: 115.83053726663651,53.86623642800873,-0.004492104961489217,0.9063265476294015
zsl_metrics_index384000: 117.31763676290815,53.33655344057313,0.008062611333107473,0.913473225485432
zsl_metrics_index416000: 117.30136519308253,53.27847818675117,0.00969984927758082,0.9188479153370678
zsl_metrics_index448000: 117.39383463251826,53.54435689305242,0.008067686300316172,0.9049653339674794
zsl_metrics_index480000: 116.92974549913379,53.62991699876467,0.004663633153221626,0.9070282845339989
zsl_metrics_index512000: 117.33816160782465,53.27121962412495,0.0016231200978939402,0.9128148291720265
zsl_metrics_index544000: 117.41358225541646,53.33826295559175,0.005473358481679316,0.9099553293837761
zsl_metrics_index576000: 116.54444533744442,52.92562215694208,0.003254165612209995,0.9090556749316999
zsl_metrics_index608000: 117.37538780530883,53.3757315197649,-0.008626314568218713,0.911265487852543
zsl_metrics_index640000: 117.41347729215597,53.34959457471596,0.0009880751498805695,0.9185307926761019
zsl_metrics_index672000: 116.42385166457497,53.39605769969679,-0.004880829489609967,0.909893509173718
zsl_metrics_index704000: 117.31560427315222,53.310387308165026,-0.01374131708258181,0.9103045368562767
zsl_metrics_index736000: 116.87101575734155,53.68682694307244,-0.004873699767068647,0.9079463678296932
zsl_metrics_index768000: 117.30359715752559,53.42952160547557,0.004366085228441288,0.9140009409114913
zsl_metrics_index800000: 117.43126840706566,53.34467940137461,-0.0007379831407947668,0.9097194979557087
zsl_metrics_index832000: 117.34328700165352,53.42221981924652,-0.0002777124676346627,0.9128441445858158
zsl_metrics_index864000: 117.36507746228928,53.44262887722036,-0.0022180163135849724,0.9153181557064114
zsl_metrics_index896000: 117.34720866713455,53.36195604187159,0.0025615153777129715,0.9101825024611817
zsl_metrics_index928000: 117.36806221572088,53.39011051145619,0.0026416539583674274,0.9138277451896362
zsl_metrics_index960000: 117.28238329890057,53.37543462726738,-0.0019349870295838295,0.9158100317332217
zsl_metrics_index992000: 115.22515245180254,54.08876490681776,0.009777296039777533,0.8980473226763519
zsl_metrics_index1024000: 117.31711470011518,53.36547494324542,-0.0013950170637295472,0.9141477401249954
zsl_metrics_index1056000: 117.36127981298884,53.391314887952475,0.005291155631300781,0.913871884480008
zsl_metrics_index1088000: 117.38181076636317,53.36270706791373,-0.0002653074304194738,0.9154848551097976
zsl_metrics_index1120000: 117.37392708735756,53.57059269669253,-0.002611909140363491,0.9120501854672322
zsl_metrics_index1152000: 117.37970097185085,53.27364411844203,-0.00019821136508171123,0.9122264139653421
zsl_metrics_index1184000: 117.359732613754,53.44170677186817,0.000782473994076149,0.9118657028089141
zsl_metrics_index1216000: 117.31658894420745,53.38933854052706,0.004324431230973839,0.9123403489800151
zsl_metrics_index1248000: 116.9170565816238,53.604684982256266,-0.008235098352591175,0.901359653590296
zsl_metrics_index1280000: 117.5601214872153,53.313826899115114,-0.015930014234361592,0.9155845894942699
zsl_metrics_index1312000: 116.20960108658166,53.37865375422854,-0.007176805227352741,0.9131756857163892
zsl_metrics_index1344000: 117.37353522257632,53.450386929671,0.007209538610923455,0.9107761403443703
zsl_metrics_index1376000: 117.44125353078542,53.24490823512265,-0.005269844095803007,0.9162631661451195
zsl_metrics_index1408000: 116.4841441823042,52.99314139022771,0.001851408364284639,0.9104792103599839
zsl_metrics_index1440000: 117.38181097805189,53.28219704523816,0.008698348886848959,0.9133444963706787
zsl_metrics_index1472000: 116.94542228383565,53.60131722566785,0.00304373989515557,0.9061207390846254
zsl_metrics_index1504000: 117.40350057193905,53.46727727755233,0.004191070007849827,0.9075792824425285
zsl_metrics_index1536000: 117.26756227220051,53.36222161871059,0.014112485029804455,0.9123153971329276
zsl_metrics_index1568000: 117.37462335867309,53.3216699933133,0.011655696071981046,0.9184961009429203
zsl_metrics_index1600000: 115.81945641349172,53.842486760408924,-0.005514972891821051,0.9040540407872644
zsl_metrics_index1632000: 117.32372911695614,53.43062819884241,-0.007611829646982617,0.915692403244357
zsl_metrics_index1664000: 117.28576190316667,53.223651504768625,-0.013107065904436251,0.9182437852794253
zsl_metrics_index1696000: 117.40013620150185,53.559905632472265,6.756172442824582e-05,0.9171274891088773
zsl_metrics_index1728000: 116.89808534259318,53.58965876161025,-0.0012351041180410642,0.9040663889759928
zsl_metrics_index1760000: 117.22325065651938,53.40161902708057,0.013943119403756874,0.9135962131234613
zsl_metrics_index1792000: 117.437691009665,53.28301052771785,0.0036232798213656453,0.9149642364519016
zsl_metrics_index1824000: 116.41024117808797,53.06882677781782,-0.002128660963810616,0.9078271237858969
zsl_metrics_index1856000: 117.28608448382194,53.46905975527963,0.010507846818326422,0.9161550299377959
zsl_metrics_index1888000: 117.36414508598862,53.43543079012201,0.007066436925117299,0.917749752598764
zsl_metrics_index1920000: 116.42765170654992,53.466830483279814,0.002791087566913216,0.9083597392965479
zsl_metrics_index1952000: 117.27522022357059,53.41943230868437,0.0024303311945697995,0.9140446348744724
zsl_metrics_index1984000: 146.8112297290874,164.9093071234624,17.415895758555298,69.29747181728385
