zsl_metrics_index0: 60.05138875255152,16.00417062957776,-0.0014841978685230673,0.4325247808718163
zsl_metrics_index32000: 70.5438985891396,29.202388185384656,0.015215920202449084,0.5378248077147931
zsl_metrics_index64000: 88.64383027973297,26.10433981494625,0.020290475599022355,0.6448985077959974
zsl_metrics_index96000: 79.60981194865931,42.578531919793896,-0.004677579399462884,0.6271151254629621
zsl_metrics_index128000: 105.71247855159046,53.30115697259285,-0.015713050997236935,0.8024381022040258
zsl_metrics_index160000: 85.91683340491413,53.804470220287044,-0.003283545782021829,0.6872628176257639
zsl_metrics_index192000: 96.40656945727603,55.52083223468198,-0.002901032905588217,0.7551686578722837
zsl_metrics_index224000: 109.98000677373746,44.13510616434303,-0.0008624391287744451,0.8328700589072279
zsl_metrics_index256000: 88.51071995923951,54.931577295879556,-0.005109176468252089,0.7162415414321737
zsl_metrics_index288000: 91.98527141761068,53.93412286022257,0.007910642502016611,0.731302294702587
zsl_metrics_index320000: 97.20830719563726,51.39953498340898,-0.01224079393094001,0.7616093115105028
zsl_metrics_index352000: 92.1702269235104,47.659350756490184,-0.018352367919335373,0.7274265248182795
zsl_metrics_index384000: 88.74130402155897,51.67152182242263,0.013238578434675474,0.6977570341345594
zsl_metrics_index416000: 79.93953754081848,41.172074378374475,-0.012536734968199539,0.6221949177636209
zsl_metrics_index448000: 68.6698017294317,34.269635610591976,-0.00023425215554410083,0.5306023843841149
zsl_metrics_index480000: 60.343950896219525,29.44745053460064,-0.006442551529194956,0.4665554618907194
zsl_metrics_index512000: 54.78285052871028,26.73137825140208,-0.003766881477159711,0.42648299764101605
zsl_metrics_index544000: 52.36837204859736,21.09781559940354,0.014928386690821699,0.39903440115273897
zsl_metrics_index576000: 60.045832748622495,18.370021572048838,0.014223048614252607,0.4406419759382975
zsl_metrics_index608000: 55.24057634696784,23.90494544991685,0.006630129910017594,0.42082773418662006
zsl_metrics_index640000: 52.19373721916025,24.588765195909918,-0.020252160608895977,0.40076975227718276
zsl_metrics_index672000: 52.38313169659106,21.07299072123925,0.014106814987293596,0.39801539434186806
zsl_metrics_index704000: 58.08963948301907,25.926737774921854,-0.025591334025490128,0.4409796488082906
zsl_metrics_index736000: 57.26896196055544,25.085893798479823,-0.011144435608831195,0.43929619558582056
zsl_metrics_index768000: 54.60055037975708,23.813399477327007,-0.021060088884727136,0.41521195967927765
zsl_metrics_index800000: 55.10355938424077,24.0037472598567,-0.008830124461436053,0.42054126870314107
zsl_metrics_index832000: 56.95506157621709,24.536224970512915,-0.001066271404751543,0.43292863316509694
zsl_metrics_index864000: 59.393547352181294,25.889635457302656,-0.020076176818152276,0.4553521478731596
zsl_metrics_index896000: 56.08535770969161,24.167679162980512,-0.007066275111652681,0.42392608807494264
zsl_metrics_index928000: 60.01225381503046,26.143252944249024,-0.01567072588101816,0.45711060877489845
zsl_metrics_index960000: 56.37268011304336,24.42225113724707,-0.00850256026978364,0.4285849898883125
zsl_metrics_index992000: 61.491166864462166,27.380779387463466,-0.014390505770516746,0.4673518838264344
zsl_metrics_index1024000: 62.49187896058928,27.86330728989791,-0.02221089015847342,0.4778509473807562
zsl_metrics_index1056000: 57.41575855868275,25.335622558084523,-0.007365144561795576,0.4355657125174906
zsl_metrics_index1088000: 57.38478585551548,20.65281651402254,0.004465858748783299,0.42721399353467826
zsl_metrics_index1120000: 53.64802334648187,24.02260791344831,-0.015817253060945488,0.4121870511526862
zsl_metrics_index1152000: 64.54463755388875,28.86804601020319,-0.00841894926622427,0.4934516951273995
zsl_metrics_index1184000: 50.54271406104935,24.346065467200546,-0.026212562567267252,0.3899296290512716
zsl_metrics_index1216000: 59.34497432016025,26.739286162908154,-0.012189644130249344,0.45301261695091055
zsl_metrics_index1248000: 65.60856482282418,27.493400755336584,-0.002027003933024529,0.49519126419492426
zsl_metrics_index1280000: 61.14169378860801,25.076462842460074,-0.00944877664180861,0.45952897431108203
zsl_metrics_index1312000: 73.19874919168865,25.347593270470977,0.010601225013640046,0.5425100728047627
zsl_metrics_index1344000: 64.26145184974773,27.726441287051568,-0.008201249271759149,0.48595858821532983
zsl_metrics_index1376000: 73.81187627062918,27.782663402067815,-0.000530752112524775,0.546793246229633
zsl_metrics_index1408000: 65.73482920706543,26.546774983019684,0.006200544752864949,0.49323503826524684
zsl_metrics_index1440000: 73.59259856359749,30.20856643180142,-0.011182805161466598,0.5544898754688395
zsl_metrics_index1472000: 70.92691157856606,29.585347529734594,-0.0012650952684148385,0.5381202700514468
zsl_metrics_index1504000: 68.96029709748463,28.116521386319867,-0.016349291786524965,0.5163378876242692
zsl_metrics_index1536000: 68.80356440500616,29.53063754658511,-0.009152561062736478,0.5175965426873018
zsl_metrics_index1568000: 77.68998764829425,29.18592210104347,0.0072089934541433144,0.5785561347892105
zsl_metrics_index1600000: 77.39560671057752,31.937300793597437,-0.004730775355946964,0.5809681562336584
zsl_metrics_index1632000: 73.64221116454549,31.831242422006188,-0.003981651568674968,0.557250677320464
zsl_metrics_index1664000: 77.69477544309166,31.74831731172116,-0.0026743842603301803,0.5835608632073473
zsl_metrics_index1696000: 72.99281984250347,29.98148139258829,-0.014363981705041775,0.5472759892489993
zsl_metrics_index1728000: 74.8971375954852,31.13180988266802,-0.002146989986214335,0.5643920232365965
zsl_metrics_index1760000: 72.16853270484341,30.40445148966672,0.0003899422937887236,0.5416615212988511
zsl_metrics_index1792000: 73.46062212392722,29.3428397070422,0.0005131709352867482,0.5499112679147946
zsl_metrics_index1824000: 75.35373034593836,30.367727950792794,0.00242504919929603,0.5668360014270442
zsl_metrics_index1856000: 77.54424134253549,31.490214503987307,0.004809664796926586,0.5822527258955074
zsl_metrics_index1888000: 76.7199258078369,29.491705754364247,0.0021418030677266943,0.5721243072488105
zsl_metrics_index1920000: 73.50890436091845,29.620144703833265,-0.006210145992912912,0.5549902769174624
zsl_metrics_index1952000: 71.6652041863206,27.70605420421681,0.007581162992806202,0.5347735226446466
zsl_metrics_index1984000: 72.54687504436832,27.887925185314568,-0.0032582324660971047,0.5434167387383969
zsl_metrics_index2016000: 77.4214667257469,30.727056574637725,-0.008052590862166953,0.5836358470150629
zsl_metrics_index2048000: 74.06332598813944,31.657657686706358,-0.007998756835505582,0.5596406011446338
zsl_metrics_index2080000: 68.51637816013981,25.790300292288993,0.00445690024703156,0.5103095891468971
zsl_metrics_index2112000: 80.82868973359705,31.02225291925738,0.0017825313527731325,0.6016804915220686
zsl_metrics_index2144000: 66.12349911596046,26.39845866222922,-0.002186172886821989,0.49556072287036707
zsl_metrics_index2176000: 68.52328967706313,28.984474231520085,-0.01069319199781728,0.5181555008482258
zsl_metrics_index2208000: 73.36992134345806,29.490230910366847,-0.01623120978115649,0.5525562980427773
zsl_metrics_index2240000: 63.769986876127234,26.615961797442147,-0.0066326715852014235,0.48256526268129785
zsl_metrics_index2272000: 69.89594085088738,24.08423041039674,0.010514556384483618,0.5177968670947154
zsl_metrics_index2304000: 61.237908746004265,25.237475299792358,-0.008872580767782048,0.4641043007392747
zsl_metrics_index2336000: 62.48604284063339,25.86932479719509,-0.013096451892676554,0.46913872808677554
zsl_metrics_index2368000: 62.329248850829764,25.29789663855311,-0.014432887887044412,0.4684096932074389
zsl_metrics_index2400000: 58.99577321590844,24.28045762739749,-0.009362373252285847,0.4450466947519887
zsl_metrics_index2432000: 59.2422295674877,24.668597460243845,-0.018095387698502143,0.44640781100358756
zsl_metrics_index2464000: 75.61131202066849,29.808817042255956,0.0037347899081469657,0.5635459562921732
zsl_metrics_index2496000: 77.97688652227536,30.582118988911088,-0.0015361939108153226,0.5801412686493634
zsl_metrics_index2528000: 72.75303971875682,28.626557204283973,0.0025551221805250293,0.5478155695192306
zsl_metrics_index2560000: 74.8654501828917,30.390762510980085,-0.0021404305291100475,0.5559782011722854
zsl_metrics_index2592000: 81.7447612410262,33.618087039798205,-0.0010118536258771891,0.6125480712169175
zsl_metrics_index2624000: 83.04677286765276,32.9381656353102,-0.005491339055539127,0.6169100637309525
zsl_metrics_index2656000: 80.34379455213944,31.905644983563718,-0.0009149857462935728,0.6009346739819487
zsl_metrics_index2688000: 82.80134040612846,32.17413044443771,-0.0032753179726286207,0.6106095281556084
zsl_metrics_index2720000: 75.55954419489895,29.88227904503097,0.0005345162681514073,0.5646903956551323
zsl_metrics_index2752000: 81.73122284518651,32.79449936889033,-0.009680255048636609,0.6071538125237462
zsl_metrics_index2784000: 85.22294157014612,32.599877192714374,0.0010154866194844888,0.6395023595222866
zsl_metrics_index2816000: 82.97344720833438,31.472779631081103,0.002294193613582285,0.6162119727659615
zsl_metrics_index2848000: 82.8937808041192,32.3761956706401,-0.0024486177731461774,0.6161375033912874
zsl_metrics_index2880000: 69.62705199025746,30.26873045319069,0.004420124135044885,0.5240242130192867
zsl_metrics_index2912000: 74.11594191216273,28.99479320293261,0.000875892468105552,0.5580422039789215
zsl_metrics_index2944000: 78.64876303401304,30.39462024251844,0.00016454110770358543,0.5862854392229024
zsl_metrics_index2976000: 79.43172683310763,30.79892782275056,-0.0073664230905440605,0.5889422582989949
zsl_metrics_index3008000: 79.43370963741414,33.515752946153206,0.0003181525364518221,0.5983922802925818
zsl_metrics_index3040000: 64.58363727401529,26.75844403206435,-0.008626403466599175,0.4814016860504731
zsl_metrics_index3072000: 71.73886394824581,27.88578906161667,0.00205638165520825,0.533606632129748
zsl_metrics_index3104000: 77.96348578963769,29.89619864885398,0.0009010946769403567,0.5792370724519534
zsl_metrics_index3136000: 66.09746872678811,25.909244219072274,-0.0030789359223200815,0.49267684277173335
zsl_metrics_index3168000: 60.787789523558004,25.127863530989632,-0.018507721503666596,0.45577988555397747
zsl_metrics_index3200000: 59.421317046434325,24.164394549561177,-0.007043537036471274,0.4457616284685034
zsl_metrics_index3232000: 54.78297200724818,22.47776506101225,-0.008879911914141341,0.4118477221682098
zsl_metrics_index3264000: 61.528766839952354,23.205913278650247,0.011621523629865942,0.4585725505431324
zsl_metrics_index3296000: 63.20710048501209,24.383215477579526,0.009614208717273226,0.4719543947807688
zsl_metrics_index3328000: 68.64220461682767,26.01975940487013,0.01029609532981164,0.5075871149642935
zsl_metrics_index3360000: 77.25261468973483,31.410683338898227,-0.000972092603025442,0.5853358156643399
zsl_metrics_index3392000: 68.07638372596551,27.642793195367016,0.0013719106654814604,0.5029821518327077
zsl_metrics_index3424000: 70.39545478075021,26.89274899709518,-0.001394284275131259,0.5295088105972707
zsl_metrics_index3456000: 71.43095500632356,28.02300093123161,0.0048481520782359625,0.5349294919702017
zsl_metrics_index3488000: 71.85731295933543,27.697122942514287,0.0025998861406124263,0.535190954260838
zsl_metrics_index3520000: 75.31905117818059,28.948799072726946,0.012537341141119231,0.5627913158534703
zsl_metrics_index3552000: 73.88369554843497,28.340178708826762,0.0004918788123674687,0.5588309485330135
zsl_metrics_index3584000: 77.23475423218275,31.74952571360637,-0.003125830502009944,0.5772075219277072
zsl_metrics_index3616000: 83.15929812095003,31.531622335283924,0.002816895822407783,0.6217482901767519
zsl_metrics_index3648000: 76.5420784369514,29.203989772321446,-0.004331004081615531,0.5658904137102438
zsl_metrics_index3680000: 73.82817010405138,28.82396547291251,-0.0025389996989651437,0.5485487600975755
zsl_metrics_index3712000: 74.12389918147208,28.546134919192955,-0.004185226755046514,0.5556259390982365
zsl_metrics_index3744000: 80.52926872686366,30.900411066537433,0.006734789435211797,0.6041074181514877
zsl_metrics_index3776000: 82.57948624720613,33.7554459459997,-0.0017253694667048176,0.6203125718311344
zsl_metrics_index3808000: 73.54721361258795,28.96617065148533,0.0020702525563157156,0.5486543954038616
zsl_metrics_index3840000: 81.22123856749842,31.612494128207985,-0.0019261501264567645,0.6043324358962171
zsl_metrics_index3872000: 73.88042808686599,28.67144926522996,-0.006363273991517816,0.5486803748301917
zsl_metrics_index3904000: 71.76612339647018,30.188681107702575,-0.005349266516490781,0.5392568208558207
zsl_metrics_index3936000: 75.09889259763393,28.823410561826602,0.0028245332440115767,0.5584318289724222
zsl_metrics_index3968000: 73.60538724474966,27.438072690950015,-0.001646179267562173,0.5492195119436487
zsl_metrics_index4000000: 73.77977297610597,28.814656741480647,-0.005888894059543127,0.5537445276858123
zsl_metrics_index4032000: 75.00700414143884,28.871903042302954,0.004424462068091709,0.5603554432778127
zsl_metrics_index4064000: 74.59148804904115,28.95824770969574,-0.00037615571800813985,0.5626322777462833
zsl_metrics_index4096000: 70.50023432316348,27.50938072059974,0.0005277579290465106,0.5311732979081641
zsl_metrics_index4128000: 69.16148852890021,25.460335426380905,0.0050167485791405,0.5129198005432032
zsl_metrics_index4160000: 73.121137901524,28.373844345584853,-0.0018046656525520434,0.5486426439588005
zsl_metrics_index4192000: 73.41627976182019,28.442634528852988,0.002516415108066632,0.5434328638927549
zsl_metrics_index4224000: 63.288208592677286,25.031252557625532,-0.006059237558077609,0.4705072663308287
zsl_metrics_index4256000: 60.63103815211161,25.955485141240544,-0.014430411254124424,0.4476847448367359
zsl_metrics_index4288000: 64.2457823735638,25.03465446233326,-0.0021487504747349953,0.48298036231247676
zsl_metrics_index4320000: 67.83892795874519,26.690017245703068,0.00035667367598839883,0.5043679832267631
zsl_metrics_index4352000: 60.625589197860684,23.704560363444468,0.007168193060574589,0.451608001266087
zsl_metrics_index4384000: 61.84376456952942,24.550542520370207,0.0005589186419986047,0.46680182186512376
zsl_metrics_index4416000: 50.23825939990827,19.080158680891657,0.006952229624932597,0.3787393015433655
zsl_metrics_index4448000: 50.55067025777308,21.76730660348289,-0.011513633163346868,0.37631768995948545
zsl_metrics_index4480000: 73.2809764659916,29.506098630660667,0.0059514421475197225,0.5522971392860372
zsl_metrics_index4512000: 82.46990731667607,35.74744935438401,-0.0008516258302516046,0.6287736375100169
zsl_metrics_index4544000: 84.14055648381404,42.07034920043018,-0.009895022714154362,0.6328612132397377
zsl_metrics_index4576000: 103.40851747702118,49.68968643825826,-0.002422093297655575,0.7975065332790247
zsl_metrics_index4608000: 82.16557693406628,55.523772521727565,-0.016588588496882974,0.6474627166239827
zsl_metrics_index4640000: 86.80358093084484,51.09308004785364,-0.002331960702088764,0.6835128605107404
zsl_metrics_index4672000: 108.72700804176482,54.21796247111164,-0.004121423634994162,0.8299836657882029
zsl_metrics_index4704000: 100.24384605030878,56.241381649978905,-0.004098639248941267,0.7731785453644962
zsl_metrics_index4736000: 87.73753286476553,51.293511634731615,-0.00797822207837262,0.6785675651443106
zsl_metrics_index4768000: 97.05107811752463,49.7146255317071,-0.00030715899288774205,0.7545945928452081
zsl_metrics_index4800000: 99.07998538239879,47.44002693777056,-0.017939142022577823,0.7518668321485277
zsl_metrics_index4832000: 81.81309098290318,51.23761867471422,-0.005214990061706375,0.6353504560592305
zsl_metrics_index4864000: 93.99225293644818,46.093106285323564,-0.014645575396516649,0.7207518062561229
zsl_metrics_index4896000: 75.71831157689097,36.606263933461165,-0.006294445346386764,0.5655132563167728
zsl_metrics_index4928000: 69.73471408214277,31.680677203541,-0.001428998752773254,0.5076919239617869
zsl_metrics_index4960000: 60.03438324172314,26.350521853490523,-0.007937963168901309,0.43963676965374576
zsl_metrics_index4992000: 52.54871819011004,22.797328076821582,-0.011569017206641215,0.38478686927539574
zsl_metrics_index5024000: 52.447827011104486,21.795959023095676,-0.006546712134083416,0.3873280274755683
zsl_metrics_index5056000: 55.053584466630255,22.5372435810363,-0.0039055889670128875,0.40723968553523704
zsl_metrics_index5088000: 54.557130543009,20.78833769600244,0.006357991593824116,0.40172588508023577
zsl_metrics_index5120000: 54.21946648738424,21.3956567677692,-0.005705523763366228,0.4007249457492843
zsl_metrics_index5152000: 61.112831600674184,22.324527411083185,0.005742581080068601,0.4370371230745637
zsl_metrics_index5184000: 55.401866518048315,22.012226738552076,-0.008011751719724255,0.40866691134563066
zsl_metrics_index5216000: 59.88901086570884,24.554031340058636,-0.00814678515955527,0.44434305405249236
zsl_metrics_index5248000: 54.881263977430805,22.077885758107364,-0.005847905936911239,0.4092427617238819
zsl_metrics_index5280000: 54.95447828658267,21.527212985457997,0.0013130393651244532,0.40568018539718953
zsl_metrics_index5312000: 55.28806970991552,21.957103031108513,0.003695458420581332,0.41187121931831233
zsl_metrics_index5344000: 52.57591904292535,21.583717000106667,0.006213077348548051,0.39770525104624266
zsl_metrics_index5376000: 60.88609996765417,24.25688344375166,-0.0039654573803409535,0.44896157578601054
zsl_metrics_index5408000: 59.28320917271511,24.292869303709388,-0.0074026565724341475,0.43733341311417745
zsl_metrics_index5440000: 58.54843655380067,23.69161632263924,0.0004514048364474457,0.4318987598526318
zsl_metrics_index5472000: 51.94897529697827,20.902388055601506,0.00043072571864740403,0.3860880325591577
zsl_metrics_index5504000: 57.928047498104426,23.423573849462127,-0.00530333845900246,0.42524415278811467
zsl_metrics_index5536000: 56.94803728293415,23.01239246885094,-0.004222846021427353,0.4215782548422874
zsl_metrics_index5568000: 57.26983800881056,23.401039759783874,0.00023827001779700652,0.42299230682944267
zsl_metrics_index5600000: 58.76365565672187,24.203158057802614,-0.0007595461172684459,0.43839785157444844
zsl_metrics_index5632000: 61.04637181495388,23.678962109215753,-0.0030868782290803627,0.45607137736697123
zsl_metrics_index5664000: 65.94371990485415,26.07239826394819,-0.0013411794378186284,0.4856755798925161
zsl_metrics_index5696000: 60.630560666853846,24.171485523990004,0.0010783784211895657,0.4530469318470653
zsl_metrics_index5728000: 65.53931596139162,25.68491645236251,0.004702390646473873,0.4901895490664422
zsl_metrics_index5760000: 70.81235404902601,29.017705414812973,-0.0011481524113533621,0.5320672416716232
zsl_metrics_index5792000: 66.93763002052786,25.841772042595995,-0.0006980580717720022,0.49735478766986924
zsl_metrics_index5824000: 70.16840611290638,27.45291254431908,0.003295808239602127,0.5263884086969574
zsl_metrics_index5856000: 70.6241358892167,27.316831845282135,-0.010426822327226769,0.5235940860687066
zsl_metrics_index5888000: 72.15728035907017,27.840144217057876,-0.00032373739980335036,0.5351517411781495
zsl_metrics_index5920000: 69.03543239894105,26.568525642663364,0.0025989653859170283,0.5207134351562509
zsl_metrics_index5952000: 72.89868777273671,28.335165566640228,-0.0008943502746718011,0.5456040815675699
zsl_metrics_index5984000: 73.99288132145888,28.603983927626654,0.0016585143476371819,0.5549035249142383
zsl_metrics_index6016000: 72.44732387020221,28.28477305284596,-0.007847553661528008,0.5436579397669888
zsl_metrics_index6048000: 66.5294107339756,27.252148687355998,0.0001287695004965821,0.49647185420700046
zsl_metrics_index6080000: 71.18637645506871,28.072434405596724,-0.002422399049125705,0.5359764972728875
zsl_metrics_index6112000: 71.38203207434411,28.048697798485918,0.00021235414529777863,0.5339645541322617
zsl_metrics_index6144000: 74.2371292441578,28.57458579059002,0.005236772319504553,0.5519919597597659
zsl_metrics_index6176000: 67.32618060486213,28.763096932790976,-0.005052116288747511,0.49034313448958183
zsl_metrics_index6208000: 70.75447008846953,27.7430239480963,-0.0004196756906116055,0.5310098628460884
zsl_metrics_index6240000: 69.3501160261556,26.681853494689417,0.0013017309235356894,0.5176997069733057
zsl_metrics_index6272000: 70.12139978363278,29.787982350733717,0.0022896410512628623,0.5142907002448156
zsl_metrics_index6304000: 67.85256836766246,28.167371251368824,-0.00011565485408067077,0.4806306162416254
zsl_metrics_index6336000: 70.76837207661501,27.48793259589602,0.002870939243212609,0.5280919154050091
zsl_metrics_index6368000: 70.61440018231939,27.41207345175428,0.0033398981859592354,0.520448507912303
zsl_metrics_index6400000: 64.05157381815667,26.71752173919258,-0.0019206844369354607,0.47899554883157786
zsl_metrics_index6432000: 64.16452443920798,25.119739650303686,0.0017290146993449106,0.4739525322489092
zsl_metrics_index6464000: 69.27347217406059,27.16892375629305,-0.003482138385879776,0.517032324965143
zsl_metrics_index6496000: 64.15833105305174,25.41987041768478,-0.0038674611169417948,0.46949740984798316
zsl_metrics_index6528000: 69.03521947394206,25.241418583086826,0.0034645085127422925,0.4839253423139401
zsl_metrics_index6560000: 65.70593750943894,25.83362006316807,0.004879176223209489,0.4832991477544063
zsl_metrics_index6592000: 63.54528282398339,24.926402147358093,0.003638709626262572,0.4661889017593863
zsl_metrics_index6624000: 72.84423676213028,28.891828861781768,-0.0001856787151740411,0.5422240675429897
zsl_metrics_index6656000: 63.591903495860144,24.822481439074068,-0.00061381559593596,0.4722827274105186
zsl_metrics_index6688000: 66.59236475216751,25.634952664001066,-0.0013617141077976048,0.48982644448561774
zsl_metrics_index6720000: 64.21791011013033,25.172102423029905,0.0011312289846839,0.46382974145779304
zsl_metrics_index6752000: 71.7509581599976,30.92073039640767,0.00153839058644982,0.5166029960805102
zsl_metrics_index6784000: 78.81469041518066,30.87677491792301,0.006183125227954373,0.5794696613780699
zsl_metrics_index6816000: 75.50616293913592,29.409586043196107,-0.00046959718803426176,0.5643491300008578
zsl_metrics_index6848000: 69.35392972233342,27.058045967270825,0.0017451029526377474,0.515202715091266
zsl_metrics_index6880000: 61.694562745911256,24.76573822057512,0.002039303006348754,0.4559667586986004
zsl_metrics_index6912000: 79.45420866708848,32.04129284008967,0.0039564332465483005,0.5936015992098634
zsl_metrics_index6944000: 77.22864550445297,30.434530657121947,-0.00019734851911076313,0.5699770999093172
zsl_metrics_index6976000: 76.93584516368078,30.304314979057626,0.0030532203032473315,0.5700089717601866
zsl_metrics_index7008000: 83.25822271099032,33.46058820330458,0.0035822611258549053,0.6170748183938256
zsl_metrics_index7040000: 76.4689423265342,30.601150198754787,0.004272738306053176,0.5559202048451795
zsl_metrics_index7072000: 80.29779927310442,31.37860746853353,0.011642302820949016,0.5982420704530204
zsl_metrics_index7104000: 76.92647199955503,30.468167526483995,-0.0017188840612192538,0.5689788490082658
zsl_metrics_index7136000: 75.4029981054303,29.85583785688286,0.0035169917827150275,0.5611222383596499
zsl_metrics_index7168000: 93.61457477249385,38.06450430450397,0.004027733614732636,0.6782976192244492
zsl_metrics_index7200000: 69.76451368743209,28.422171770682112,-0.00027393738571249626,0.4999342421922038
zsl_metrics_index7232000: 72.98534790899456,28.549526716463557,0.006440801615058173,0.5438665696202272
zsl_metrics_index7264000: 71.64134240880108,27.708432206507503,-0.0028057564396367965,0.5255156484015439
zsl_metrics_index7296000: 81.47596362026789,31.740122188206072,0.009037851360859831,0.5905415933670808
zsl_metrics_index7328000: 61.3060762676569,25.96949385231958,-5.4902218267681493e-05,0.4416681189359326
zsl_metrics_index7360000: 64.16412700775027,25.31888107084761,0.00016073499718722274,0.46291287227809585
zsl_metrics_index7392000: 65.95023860999324,25.778492980957825,-0.0032874700001098967,0.4869493914481046
zsl_metrics_index7424000: 66.3450796443016,26.26826351172139,-0.00372987850300421,0.49149803584204144
zsl_metrics_index7456000: 64.35265496471716,26.515187054108925,-0.004144439082018093,0.4484293517361872
zsl_metrics_index7488000: 54.570714446670465,21.5481505273532,-0.006643397891171091,0.3806983652473783
zsl_metrics_index7520000: 54.70456739111552,21.18259492651701,-0.001863347134929048,0.3833942342613883
zsl_metrics_index7552000: 55.611345326694575,22.285159481556423,-0.0073174860770390815,0.41531316173904864
zsl_metrics_index7584000: 60.73753081382724,25.824143787327777,-0.004045485030632352,0.44659304456945786
zsl_metrics_index7616000: 58.16346472072335,23.15032112834757,-0.0030046676079498887,0.4201865739393116
zsl_metrics_index7648000: 64.84425384021327,25.84861319277261,0.007371469769218747,0.48026242420742166
zsl_metrics_index7680000: 65.42176499018181,26.70163701311564,-0.007986410174019782,0.47465924162236167
zsl_metrics_index7712000: 69.94282309372795,27.353190441657595,-0.00597801384531549,0.49868689069094174
zsl_metrics_index7744000: 70.15773638527163,27.625796458798145,-0.0035722839080231435,0.49991764226597035
zsl_metrics_index7776000: 65.64471043729023,25.368469660948264,0.0002626275349030536,0.4752950126201287
zsl_metrics_index7808000: 72.14135894677374,27.580041727995514,-0.004828584854596705,0.5157941399369246
zsl_metrics_index7840000: 72.00074835400797,28.171100205855588,-0.00024114279239948377,0.5204234914660604
zsl_metrics_index7872000: 67.21012866676348,26.49416123335007,0.007065781414773923,0.49510455856275465
zsl_metrics_index7904000: 73.35999063609587,29.404123249773058,-0.0035685126445842695,0.5419851516945089
zsl_metrics_index7936000: 72.67712244526902,28.634145122485048,0.001467871157317573,0.5266102029601673
zsl_metrics_index7968000: 70.55796870544486,27.978622485401353,-0.0021035181999600064,0.5224695002313415
zsl_metrics_index8000000: 69.24978608167574,27.490265050803337,-0.005393468489690488,0.4947660643416047
zsl_metrics_index8032000: 75.09967229301046,29.768943919713443,0.0015227102186916776,0.5566333530129131
zsl_metrics_index8064000: 72.93152910275019,28.762164019764136,0.0012263299452117678,0.5415687823700148
zsl_metrics_index8096000: 76.14931249515703,32.0319594295307,0.008479106330186314,0.5384555404546245
zsl_metrics_index8128000: 72.03592525980869,27.988496961730014,0.0053456401182863855,0.530868271655634
zsl_metrics_index8160000: 73.76361324838878,28.940327256135646,-5.7429328594693185e-05,0.5490381124356101
zsl_metrics_index8192000: 68.36188496226028,27.44100803129892,-0.0011375579932188006,0.5051040495598341
zsl_metrics_index8224000: 68.72329063248702,27.207317039698953,-0.005812494752469649,0.5000333386804359
zsl_metrics_index8256000: 75.17515078693067,29.469075618645125,-0.000844599082742012,0.5554678660821663
zsl_metrics_index8288000: 66.14172322241336,27.299611303201655,-0.005634148640668844,0.4909986544558173
zsl_metrics_index8320000: 67.81994572177018,28.05020565782888,-0.002496565902530624,0.4740897137697276
zsl_metrics_index8352000: 69.9726479137092,27.48620889339381,-0.004685832524703084,0.5181589009623772
zsl_metrics_index8384000: 69.66549940495965,27.876116306335145,-0.002070842090969874,0.5181561294894826
zsl_metrics_index8416000: 72.50199651768199,29.60016563621767,0.0014393643047572158,0.5337404329601578
zsl_metrics_index8448000: 64.78302085339735,25.674792313681692,0.006189999805692464,0.48170298460940153
zsl_metrics_index8480000: 64.82420711314005,25.374270508924404,0.0012245933086951681,0.4633979548805545
zsl_metrics_index8512000: 64.38438562486418,25.526305698348573,0.0032938262187897326,0.4602172735450766
zsl_metrics_index8544000: 67.27079098275158,27.83618619924696,-0.004365249086064454,0.4997465459194325
zsl_metrics_index8576000: 60.95672663375238,23.70212123445777,0.0037060365678023613,0.43949111890019177
zsl_metrics_index8608000: 65.14003817637216,26.415732625053394,0.004194946547527916,0.47987890320932597
zsl_metrics_index8640000: 65.91225950045049,27.14316118215227,-0.0007386434636907277,0.4867465535104908
zsl_metrics_index8672000: 70.58349040190723,32.677579021894104,0.0002147804464341845,0.4919723694583379
zsl_metrics_index8704000: 77.18050267249723,37.79714849375817,-0.00511829039043673,0.5301308031288214
zsl_metrics_index8736000: 77.7310372756301,37.24478865639708,0.003907544773233161,0.5796782920347621
zsl_metrics_index8768000: 83.66903832705265,40.11176639047364,-0.007858792942987823,0.6268814516875854
zsl_metrics_index8800000: 97.30300330486772,47.73787355668103,-0.006776677289119228,0.7403550696161212
zsl_metrics_index8832000: 84.70924014451883,44.04814833659087,-0.010417326460728567,0.6310095413405801
zsl_metrics_index8864000: 88.95041023707964,50.22286534165855,0.003995185937352785,0.6715910054005634
zsl_metrics_index8896000: 89.61077790002149,59.443662717231526,-0.0017411032684266714,0.6794394203942833
zsl_metrics_index8928000: 88.63751439982767,44.8199246168554,0.00047927035625311556,0.6656432123453211
zsl_metrics_index8960000: 96.05122509156931,46.568518954292394,-0.00040186096692478344,0.7287981266701826
zsl_metrics_index8992000: 79.7384778260381,40.525913165612764,-0.006710394737468301,0.5892782068484426
zsl_metrics_index9024000: 78.35093045599731,37.20083540918167,-0.006946664015076781,0.5879674707624523
zsl_metrics_index9056000: 71.08155301267571,35.82463038212527,-0.0038725247029220617,0.497032471093235
zsl_metrics_index9088000: 69.56465115347274,32.669281725668405,-0.013022164085544454,0.5057227486086829
zsl_metrics_index9120000: 61.519117112583906,27.59326107850513,-0.000579306881973276,0.44008026713810466
zsl_metrics_index9152000: 51.472356727867876,21.99084538141965,-0.0004217829717213961,0.39460170292627367
zsl_metrics_index9184000: 50.43292347248527,20.335589509036783,0.0009672860315380554,0.36956942712115687
zsl_metrics_index9216000: 59.95437217382205,24.47035999224927,-0.004065113944940948,0.4316293250148687
zsl_metrics_index9248000: 59.66435908506726,23.861641461073095,-0.0006165159205168664,0.43938072386770677
zsl_metrics_index9280000: 52.57679843389931,20.69011924450116,0.0031067520952502954,0.3956802606303758
zsl_metrics_index9312000: 56.568934294575165,22.913861649629133,0.0027893622732896965,0.42489703181601063
zsl_metrics_index9344000: 54.77027259153958,22.411284195017956,-0.005430537336541135,0.40203006315508394
zsl_metrics_index9376000: 61.827381867419476,24.6928421358685,0.0033507185585902478,0.4411842501026618
zsl_metrics_index9408000: 58.15655068502035,23.111861668667476,-0.0028861629827083082,0.4327534639618987
zsl_metrics_index9440000: 56.54759364445037,22.876911176792913,-0.008081436395222717,0.4171432978972282
zsl_metrics_index9472000: 50.501699951586495,20.11412669256624,-0.0038890415491387594,0.36880765122519926
zsl_metrics_index9504000: 58.85172920167516,23.506597865720508,-0.006964989799572542,0.43453357390685216
zsl_metrics_index9536000: 56.54281441615295,22.919973092474685,0.00243052287119337,0.42176896807671754
zsl_metrics_index9568000: 55.15863581593422,22.431359229017495,0.004080186258201076,0.41485418404483887
zsl_metrics_index9600000: 53.17979859206246,21.41316507200347,0.0022682278862357808,0.37741669796828875
zsl_metrics_index9632000: 57.79850533083112,23.243521000817214,-0.0035939526524671095,0.43324610780830664
zsl_metrics_index9664000: 54.0464818517526,21.081765564550754,0.0007093698234084651,0.40505925453191444
zsl_metrics_index9696000: 54.39484066912546,22.481565891037715,0.003257605948754971,0.41279554588411127
zsl_metrics_index9728000: 50.281451210314394,20.64130411815548,-0.0039031447475926986,0.38137374896107995
zsl_metrics_index9760000: 56.33515160083074,22.446627860098673,0.006552148671321032,0.41870299622392454
zsl_metrics_index9792000: 61.44280087818483,24.339732437252696,0.0008569733445257839,0.4554370005932626
zsl_metrics_index9824000: 65.95506570657297,26.075685341137667,0.001690464622126425,0.4815053078475004
zsl_metrics_index9856000: 65.3049062839751,25.35757285013532,-0.008290757287421598,0.4848410841016997
zsl_metrics_index9888000: 63.80797075202309,24.79674600906349,-0.006042442141677914,0.47241468384471536
zsl_metrics_index9920000: 62.89885081529104,25.593388533051428,-0.003432471092408265,0.46281904610394436
zsl_metrics_index9952000: 71.12752171683955,28.327740559579823,-0.0016115141167414504,0.531199899153393
zsl_metrics_index9984000: 72.84377493316583,28.179183994044983,0.000672237729805543,0.5443506806923367
zsl_metrics_index10016000: 66.780589674198,25.75881140673042,-0.005056804553673521,0.5013338535422522
zsl_metrics_index10048000: 66.98122487044104,27.057279779982068,-0.001868734418166246,0.4910241026551534
zsl_metrics_index10080000: 73.65882448833806,28.31993277726404,-0.0019024847461725245,0.5533171830475808
zsl_metrics_index10112000: 77.11123312061335,29.53945038218748,0.0020865018007853666,0.5763397878602897
zsl_metrics_index10144000: 75.42999654948196,29.93198758136272,-0.001388766715166517,0.5647478451913178
zsl_metrics_index10176000: 75.08827877548846,29.27131664475007,-0.0023777618535062777,0.5619169854809496
zsl_metrics_index10208000: 72.26094288951819,27.34453428064197,0.001300625039902541,0.5384136001703785
zsl_metrics_index10240000: 72.92933550957586,30.35746578483484,0.0012388366060430628,0.5352045780850372
zsl_metrics_index10272000: 68.35758060951865,27.603267004512315,-0.0015819202661958886,0.5135065118785667
zsl_metrics_index10304000: 73.44520092085591,28.092459045223745,-0.0008018790281384543,0.5520785325740714
zsl_metrics_index10336000: 72.5291422401843,28.35080874750173,0.00020128726522903229,0.5366345962387608
zsl_metrics_index10368000: 71.4870100403389,29.74886475957852,-0.0029074245100729383,0.5324614118845641
zsl_metrics_index10400000: 69.79164733896994,28.92378562101941,0.0010626477860968028,0.5153500975628614
zsl_metrics_index10432000: 72.60035290304245,28.47825057997807,-0.000465672114165538,0.5440148297499837
zsl_metrics_index10464000: 75.64604178489095,29.37455547110349,0.004702606619528824,0.5670680462480795
zsl_metrics_index10496000: 69.72174951409845,28.546521712163525,0.0005206971335754696,0.5247031813466746
zsl_metrics_index10528000: 77.75072876918857,29.31983673931518,-0.0013205886730356916,0.5787118798010349
zsl_metrics_index10560000: 74.52012712800195,29.386685004538986,0.007936946532863868,0.5604617616868897
zsl_metrics_index10592000: 70.2521788547083,27.45983371533785,0.0013643527222950214,0.5247041019676695
zsl_metrics_index10624000: 70.99020779848692,28.65894982379964,-0.004970160272195803,0.5265975052002945
zsl_metrics_index10656000: 77.21246105765007,30.069046236225628,0.0024780146139021086,0.5850036894550024
zsl_metrics_index10688000: 68.27485835623456,26.233900478921182,-0.0019338861546822589,0.5137106804048672
zsl_metrics_index10720000: 59.727604679196745,23.69260339277196,0.001999430885331389,0.44576571504965995
zsl_metrics_index10752000: 68.78246279512055,26.826082494663545,0.008125798353188815,0.5142528118185253
zsl_metrics_index10784000: 67.34614412520327,25.8892290388563,-0.000784747648904692,0.5064325201936086
zsl_metrics_index10816000: 58.713219308893194,24.49429721708364,0.001683968487972848,0.42977419229934727
zsl_metrics_index10848000: 58.538162099743715,23.576502291658883,0.004537559264790144,0.4392104462496686
zsl_metrics_index10880000: 56.00276571521245,22.57396636208326,-0.0037988998023672223,0.4173010390355425
zsl_metrics_index10912000: 56.32288027389233,22.152101719466195,0.003519402614058285,0.42032575570223096
zsl_metrics_index10944000: 58.48093952066986,22.948827985739864,0.00018084137881601637,0.43482540019609656
zsl_metrics_index10976000: 69.9152211505869,27.828702230623662,0.0017610866706358119,0.5158861898388583
zsl_metrics_index11008000: 70.38891797958256,26.859363370126985,-0.0024512570738878733,0.5241392412055432
zsl_metrics_index11040000: 69.41282717104902,26.60996309310714,-0.005113041667426887,0.5204886297299913
zsl_metrics_index11072000: 66.38023391910689,25.841319178835715,-0.007601675893756448,0.4980842414513974
zsl_metrics_index11104000: 57.648654305326076,24.52395620845219,-0.00396659439332701,0.43152218347878063
zsl_metrics_index11136000: 78.84794682524203,31.90443478654987,-0.001968297798445968,0.5902865873222006
zsl_metrics_index11168000: 80.07744696136412,30.61559741877746,0.00515580198939026,0.5969231757379065
zsl_metrics_index11200000: 82.65335925197273,31.72935116976899,-0.0042389914569692135,0.6209241343074693
zsl_metrics_index11232000: 72.24162431733066,28.058258638174205,0.0034533374669051165,0.5351075471603919
zsl_metrics_index11264000: 70.47173558117461,28.076812170445603,-0.0012190104642623733,0.52341347288575
zsl_metrics_index11296000: 88.29436834634481,33.08640527935691,-0.002271998431546264,0.6712788273914556
zsl_metrics_index11328000: 82.39304726205347,31.969373979614105,0.0011778167970211415,0.6213339517830847
zsl_metrics_index11360000: 79.94374324478161,31.051610991621644,0.0017263459935472248,0.596456239642705
zsl_metrics_index11392000: 68.50792522478649,28.58324985489958,0.012392425800766634,0.508557261219585
zsl_metrics_index11424000: 64.56056601835151,27.377635493857575,0.00231272959643339,0.4755834089699948
zsl_metrics_index11456000: 72.52399145153167,27.868634881072282,0.005196210942336961,0.5355518964901551
zsl_metrics_index11488000: 78.111828166648,29.83124065418119,-0.0012436913171846714,0.5798620608166118
zsl_metrics_index11520000: 77.48735821956105,29.72676539192526,0.0027675047209183806,0.5785855197190518
zsl_metrics_index11552000: 74.84262382089238,29.111010658158964,-0.004077345920455523,0.5612970841414497
zsl_metrics_index11584000: 71.02123157666844,27.765553385875975,0.004217851094762705,0.5329229863144274
zsl_metrics_index11616000: 71.10843999271874,27.66766003949277,-0.001962205718266614,0.5299350690321475
zsl_metrics_index11648000: 76.49453852640072,29.648727039832504,-0.000962313963947782,0.5769150272896943
zsl_metrics_index11680000: 71.69737892023512,27.16988886858685,0.000368569919151434,0.5360483326896275
zsl_metrics_index11712000: 70.58624137979297,31.14453905085311,0.0012350827959442038,0.533740350818068
zsl_metrics_index11744000: 60.11849630502711,27.064703133597735,0.01324781704407804,0.44603389986741093
zsl_metrics_index11776000: 56.33516782863444,22.472423800491566,-0.0013996251656877474,0.4173524007708263
zsl_metrics_index11808000: 58.93644923318794,23.30188077611943,-0.0005110189452887837,0.4408730067870663
zsl_metrics_index11840000: 59.28609908518884,23.25278150415574,-0.0030806620419830833,0.44408679444283466
zsl_metrics_index11872000: 63.55908428040932,24.284224532555566,-0.00557636575178633,0.4747804677997869
zsl_metrics_index11904000: 66.94623758797016,26.05925160135642,0.004552945423514729,0.4956554490885292
zsl_metrics_index11936000: 66.85952402564193,26.489389811445122,-7.927650182718082e-05,0.49747735610822347
zsl_metrics_index11968000: 64.11354336803454,26.0449359551008,-0.006280013207487608,0.48195411826929424
zsl_metrics_index12000000: 68.27444219411537,26.58206976877789,-0.010689517486323356,0.5129282774473666
zsl_metrics_index12032000: 65.82633519270016,26.475568000101347,0.004302630704398181,0.4906364775084125
zsl_metrics_index12064000: 73.99313655273163,29.315272606362253,0.0008250016739666331,0.5592256895906047
zsl_metrics_index12096000: 71.75659177180411,28.137696205052876,-0.005216020013359198,0.5380332947907307
zsl_metrics_index12128000: 65.62298488897605,25.316433646717112,0.0009923680846006646,0.4898204575025078
zsl_metrics_index12160000: 73.56172196355588,28.925601678321673,-0.0032546789929559813,0.550674632894312
zsl_metrics_index12192000: 78.31076817904774,29.827406792057072,-0.000810953768479592,0.5845171579768907
zsl_metrics_index12224000: 72.51627646417037,27.86993190716149,-0.0019048066152910833,0.5440098641255281
zsl_metrics_index12256000: 74.53107114108101,31.103108750437805,0.0030031630059374525,0.5556382210114895
zsl_metrics_index12288000: 74.56640441236193,28.531116553637904,0.0032855484397746296,0.5547590999613197
zsl_metrics_index12320000: 71.30028629403876,26.929513312496375,0.005503252746624518,0.5342570882530371
zsl_metrics_index12352000: 73.43733118542136,29.32534003268834,0.0014884117919269633,0.5473355451694147
zsl_metrics_index12384000: 75.29212090685046,31.33211262334575,-0.004510256403677835,0.5540928933480643
zsl_metrics_index12416000: 71.89672375179315,27.81320958062677,0.004080501008397348,0.5399723245607979
zsl_metrics_index12448000: 72.03278545706827,27.771252884977393,-0.0010197109905563844,0.5346493473041386
zsl_metrics_index12480000: 75.29043851547031,29.77531455875027,0.0002230803942345152,0.5598063927709581
zsl_metrics_index12512000: 76.16078159524258,31.034587590129057,0.004457082066321776,0.569084271181024
zsl_metrics_index12544000: 71.06063821192906,27.336859063078187,-0.002794183430786698,0.5326642488604827
zsl_metrics_index12576000: 74.52649388263941,29.011262858232104,0.0036160358386713365,0.5575512757995547
zsl_metrics_index12608000: 69.50008266272748,28.98720751623969,0.0004021969499533604,0.5139869589875189
zsl_metrics_index12640000: 71.35418447368788,27.428396262847155,-0.002029840928636312,0.5300464063399738
zsl_metrics_index12672000: 69.45267142458964,26.963970974728554,0.002720591079816704,0.5159242639597461
zsl_metrics_index12704000: 70.41471774155487,30.52900516545244,0.003988000922759583,0.531981578701462
zsl_metrics_index12736000: 67.70365612834105,26.863230809435414,-0.00030002410560990756,0.5043015139657868
zsl_metrics_index12768000: 71.08235883550351,27.506796892623075,-0.0004852165951454355,0.5291456769946721
zsl_metrics_index12800000: 70.34984211702088,28.82634220965919,0.0006106282705284083,0.5268108145411694
zsl_metrics_index12832000: 64.16751817516997,25.402108080670942,-0.004277046774521821,0.4815925948335846
zsl_metrics_index12864000: 65.42884923801232,25.623902282202934,0.001732139384406087,0.485748697369893
zsl_metrics_index12896000: 59.48775383660163,24.27299335720453,-0.0004063982818562488,0.44723780405767183
zsl_metrics_index12928000: 63.17839147356416,25.646113712741442,0.009147686063960487,0.4746357722166733
zsl_metrics_index12960000: 64.04292779433992,21.241083953141764,-0.003672532941098611,0.461400795653839
zsl_metrics_index12992000: 65.60046936019643,31.013210145592605,0.008948923013287731,0.4907785444091429
zsl_metrics_index13024000: 68.74872302421578,33.43825418194349,0.01461212072065995,0.5187257215496102
zsl_metrics_index13056000: 78.64763803025745,39.62220454184342,0.006920221767362179,0.6032631495802806
zsl_metrics_index13088000: 79.72317991819105,37.28360264863753,-0.0026540422788608646,0.6102283431463382
zsl_metrics_index13120000: 86.0774039057576,43.68944506754216,0.0064165377330422935,0.6664493859022569
zsl_metrics_index13152000: 85.06339085788518,44.59108702453237,-0.003117564223371238,0.6559514093589857
zsl_metrics_index13184000: 89.91963544593291,43.30700435242008,0.010127481249086703,0.6845790276106871
zsl_metrics_index13216000: 83.85392858176458,46.1954414034499,-0.003303097138274052,0.6516348576983099
zsl_metrics_index13248000: 88.49376333583568,49.67023152130013,0.01404963229003192,0.69074042864562
zsl_metrics_index13280000: 78.93620332995773,40.848745827041746,0.0004676465088220088,0.6067501993917578
zsl_metrics_index13312000: 75.48407369174288,38.6293881837752,0.012496022210379942,0.5925834435620309
zsl_metrics_index13344000: 74.09051567426357,35.58136783009124,0.004528730591738062,0.5588397446708007
zsl_metrics_index13376000: 65.82893724988841,30.759002429246603,-0.006591582689856795,0.4974455758838908
zsl_metrics_index13408000: 60.072510351824135,26.95903887144282,0.01594040129954166,0.4583442559613663
zsl_metrics_index13440000: 58.92803606767945,24.109651549979443,-0.002497280940579861,0.4405468119929438
zsl_metrics_index13472000: 55.332924160408965,23.85587971849912,0.011220311314535136,0.4163097916014845
zsl_metrics_index13504000: 53.10426897033364,22.541729064093104,0.009295427756372095,0.3982571679153807
zsl_metrics_index13536000: 63.58128318971348,26.886235730811862,0.014737613114636039,0.48176166717392305
zsl_metrics_index13568000: 61.68721844963833,24.356918226573363,-0.007014148201427714,0.46043581245334536
zsl_metrics_index13600000: 55.73704294479683,22.843550034160668,-0.004111626830191291,0.4205657657411906
zsl_metrics_index13632000: 56.655101586807085,23.405105210430712,-0.0028967886590695684,0.4246105378614068
zsl_metrics_index13664000: 72.15789769205351,30.47865505580879,0.0049636122356683824,0.5441400610754955
zsl_metrics_index13696000: 56.956872904724065,23.713202929366187,0.007781445482663839,0.42714776006203964
zsl_metrics_index13728000: 75.43333932572887,27.5317532655935,-0.007939998064600128,0.5612076500174283
zsl_metrics_index13760000: 80.12328280060689,33.453798255209925,0.004629068810500045,0.6067208615090189
zsl_metrics_index13792000: 76.89552374225013,31.264565458479915,0.0037271750886523824,0.5765160042523667
zsl_metrics_index13824000: 64.66813413702975,27.808150056856128,0.0002625888974704571,0.48645511337269065
zsl_metrics_index13856000: 75.63474462770412,31.262896055570053,0.0004474221759465573,0.5675591695827864
zsl_metrics_index13888000: 73.63813768828199,29.070870092291504,0.006633460063073728,0.5525510945733695
zsl_metrics_index13920000: 74.37190402523842,27.963984487537417,0.0011523781215970206,0.5511394471453785
zsl_metrics_index13952000: 74.36880771471276,31.085681875049787,0.0019989476926322,0.5563741917966744
zsl_metrics_index13984000: 76.84843167192152,29.370161932245328,-0.005318687357755948,0.5750277666206768
zsl_metrics_index14016000: 70.33222933708862,28.81616677311121,-0.007426673903735951,0.5282082244564219
zsl_metrics_index14048000: 73.05863669518027,32.12036453632156,-0.0006668588426729043,0.5480046469501795
zsl_metrics_index14080000: 78.51286589729455,31.37212085325769,-0.004377125349234616,0.5892750696066822
zsl_metrics_index14112000: 71.63988511968198,29.095112350458297,-0.0008385288516395457,0.5380583225440666
zsl_metrics_index14144000: 79.54242866662358,29.626496965470896,-0.010092844798196327,0.5875890985827327
zsl_metrics_index14176000: 84.62789148351122,34.00727115231427,-0.015056489874515062,0.6310072567331613
zsl_metrics_index14208000: 82.31124882735331,31.247449560629647,-0.002356163287837256,0.612218551869417
zsl_metrics_index14240000: 77.21781387526917,30.648977363582535,0.010394212269915725,0.5802181198727673
zsl_metrics_index14272000: 69.49228528282087,30.511738293509097,0.0032083078748731384,0.5262713985281862
zsl_metrics_index14304000: 85.30647161291078,33.39935268273714,-0.00022314261523446267,0.6333536825054427
zsl_metrics_index14336000: 77.25517043002537,32.091473470909065,0.0002824888143197652,0.5835325486333645
zsl_metrics_index14368000: 81.45633613458395,35.21983995831942,-0.008032128918863866,0.6127422870183937
zsl_metrics_index14400000: 74.84554325673473,29.394455435503385,0.0010847067774048562,0.5652939979220838
zsl_metrics_index14432000: 76.00120104268653,29.704084430876122,0.004945517509621318,0.5677944603286934
zsl_metrics_index14464000: 79.80258484014904,32.316000582683316,0.003712046092453238,0.5968641683841823
zsl_metrics_index14496000: 69.03321844808,29.189204377937546,0.009575901058108016,0.5217582123794456
zsl_metrics_index14528000: 74.44658200134374,30.733768091210283,-0.002153560273993275,0.5617086991690479
zsl_metrics_index14560000: 76.43623819153639,29.52766964566438,-0.0018520693118088446,0.5729411578948448
zsl_metrics_index14592000: 69.92543596234178,30.315589940644838,0.00884664524123404,0.5235890231899812
zsl_metrics_index14624000: 68.41051841747658,26.515757897614275,-0.004227924909154724,0.5084966603186644
zsl_metrics_index14656000: 77.69794303155562,27.294022890744117,-0.002545956009804547,0.5739071297704189
zsl_metrics_index14688000: 67.68485795210701,29.580067637625426,0.010366178907215353,0.5113670798400074
zsl_metrics_index14720000: 66.09157930359186,24.80351375921672,-0.01504016410514404,0.48658839059527176
zsl_metrics_index14752000: 61.567470280226274,26.227420641745606,0.023735947134755377,0.46425312844977595
zsl_metrics_index14784000: 64.16881324929861,27.414422056473754,0.00452633741332884,0.48324348054675587
zsl_metrics_index14816000: 55.862271029297645,24.523431209574262,-0.003785303302612286,0.42449867815813885
zsl_metrics_index14848000: 48.19973238567512,22.02013594173701,0.011722432647489489,0.36862278566980744
zsl_metrics_index14880000: 73.97707339816472,21.30972365714549,-0.0042959320678287545,0.5302960444589363
zsl_metrics_index14912000: 64.75079541840952,26.056193977868308,-0.006193773330915752,0.48189129863014657
zsl_metrics_index14944000: 59.602261702959424,24.66254939954949,-0.008168192784948614,0.44648753912144334
zsl_metrics_index14976000: 63.996621403703735,27.132529060946933,-0.0011507431621228935,0.4820842484544424
zsl_metrics_index15008000: 66.84523879488106,29.54772928554285,0.02099322788784395,0.5073586104231967
zsl_metrics_index15040000: 71.35786861858313,29.824808402072374,-0.000672457124479497,0.5373509038539399
zsl_metrics_index15072000: 71.17785020324592,29.256333511977967,0.00921432151027416,0.5335061195012109
zsl_metrics_index15104000: 77.32204198824725,32.50576957687492,0.015552657941456154,0.5845041288958233
zsl_metrics_index15136000: 69.16048842121492,29.477740024310105,-0.002562091629586444,0.5237167902596821
zsl_metrics_index15168000: 75.28691049087209,31.43385281352871,0.00522741548589602,0.5652964951698042
zsl_metrics_index15200000: 82.84108462791194,33.39915425753084,0.011023559104006549,0.6165819052540267
zsl_metrics_index15232000: 79.89009259191256,32.543367816882586,0.0022641638113621277,0.5972848110205096
zsl_metrics_index15264000: 82.04573911833242,33.59005299042124,-0.0032213289324670414,0.621095908965222
zsl_metrics_index15296000: 80.58642064758197,36.41709143715934,0.01242670928309807,0.6113249044975293
zsl_metrics_index15328000: 80.13743195427492,33.86925320094016,0.0015706996155325035,0.6071914618215066
zsl_metrics_index15360000: 87.4804762217276,35.82916273710976,0.014464421918452059,0.6534740954355858
zsl_metrics_index15392000: 80.7504616082277,32.80248493319842,0.001967641561690244,0.6077549496921598
zsl_metrics_index15424000: 81.89978216442847,33.215163366464296,-0.0026554542082838106,0.6163978045987862
zsl_metrics_index15456000: 72.32023664611589,34.538786262486816,0.0025088749761661686,0.5530584711617672
zsl_metrics_index15488000: 76.15345750977298,33.89858816420589,0.009640233578565652,0.5770687950934142
zsl_metrics_index15520000: 75.26374991346157,31.027530256255638,0.006149340694626313,0.565992494241274
zsl_metrics_index15552000: 77.24180595226284,32.20378872298192,0.001291479182693255,0.5829949538852434
zsl_metrics_index15584000: 77.02952956619512,31.651063838278876,-0.010166165735472028,0.5791730885606685
zsl_metrics_index15616000: 72.32583314497495,31.02941391422886,0.017962297729105035,0.5461985055441045
zsl_metrics_index15648000: 65.46739100648784,27.305988711103975,-0.00016710069721830622,0.48996573726591236
zsl_metrics_index15680000: 66.65880240693895,27.793609280790015,0.01265745100486345,0.5019307773445414
zsl_metrics_index15712000: 76.84177046969792,32.02746407365244,0.015771601056346507,0.5765652787159498
zsl_metrics_index15744000: 64.27025981570213,25.284778984893453,-0.01643223425411933,0.4804496786801963
zsl_metrics_index15776000: 58.479405876617584,23.978022796178287,-0.01268569259322148,0.44143038923887706
zsl_metrics_index15808000: 59.750963068104625,25.778373849776195,0.009679951235635264,0.4516335248338876
zsl_metrics_index15840000: 301.797994308931,171.11973295528864,0.10049332945610212,3.243618809843598
