zsl_metrics_index0: 5.901828506354295,2.372989892940763,4.7954118081202424e-05,0.04443547740748101
zsl_metrics_index32000: 193.0677731443693,123.21799436790917,0.024899393070556428,1.623600752431754
zsl_metrics_index64000: 239.42349323229166,95.94605154832938,0.029416846193037065,1.8193735427291167
zsl_metrics_index96000: 239.36301146937174,96.31154712269722,0.03270722988015818,1.8231899774198024
zsl_metrics_index128000: 238.80551219301123,95.67410597680278,0.03705492055682112,1.8025815139072574
zsl_metrics_index160000: 238.04787592564912,95.4113714071328,0.024222012681062922,1.7971471942234245
zsl_metrics_index192000: 238.55414979675186,95.5046468464427,0.03517534725685524,1.8044531422415644
zsl_metrics_index224000: 238.71195341666967,95.59630231424113,0.031800860177708105,1.8026888339662455
zsl_metrics_index256000: 238.95795073029348,95.69143008850482,0.023183884780987634,1.8106314736842515
zsl_metrics_index288000: 240.62300480437185,96.61852621509388,0.010475157279825793,1.853833240744298
zsl_metrics_index320000: 240.17093938372346,96.14132787807071,-0.0013127184802706777,1.8434485667029532
zsl_metrics_index352000: 238.80408103450492,95.66679151101758,0.0230135328538835,1.8082306192913378
zsl_metrics_index384000: 238.8404735221222,95.71490764086525,0.015827072971411043,1.8139665747727445
zsl_metrics_index416000: 238.44784273330262,95.47772146543335,0.029317853928938507,1.8024512330385454
zsl_metrics_index448000: 237.98432259191003,95.37215481816605,0.0278012196440071,1.787284676687933
zsl_metrics_index480000: 237.53376924617407,94.81587301582941,0.030631729754230976,1.7735945336701213
zsl_metrics_index512000: 238.40809936247567,95.28565581434096,0.02836966392781906,1.7983407037685615
zsl_metrics_index544000: 238.7124666029736,95.46155929015214,0.02106278396437397,1.8081749947123715
zsl_metrics_index576000: 239.633373973367,96.0773713853188,0.020769524900652165,1.8218578858347931
zsl_metrics_index608000: 239.44011794662046,95.99416898868762,0.0013449313057256414,1.8263528274363088
zsl_metrics_index640000: 238.9198824276867,95.56087337260877,0.00121794043847161,1.819262225798979
zsl_metrics_index672000: 239.7296334522487,95.99880519279793,0.01035125583696324,1.8266846729375048
zsl_metrics_index704000: 238.99538644309337,95.84121842029418,0.02336309850529426,1.8127809031806918
zsl_metrics_index736000: 237.81579989463384,95.2711368371379,0.03783744048130082,1.7831371262362203
zsl_metrics_index768000: 239.04853625152782,95.4801390886961,0.04049063372397103,1.8018909848088212
zsl_metrics_index800000: 238.2006072313947,95.31144558843617,0.02571587184848182,1.7924759047718994
zsl_metrics_index832000: 238.65965565077525,95.48159916905992,0.03464673769635742,1.8005358174277777
zsl_metrics_index864000: 239.30346938509314,95.71918309125542,0.020590342676187305,1.8239908184641853
zsl_metrics_index896000: 239.64215923399908,95.47433716004883,0.0011396130451864987,1.8239278214337393
zsl_metrics_index928000: 239.57597782130813,96.67553997738317,0.011156662107183728,1.8387293491959045
zsl_metrics_index960000: 239.3400029796155,95.90646291540142,0.013528360809347266,1.8246246057059168
zsl_metrics_index992000: 239.3903828768907,95.94894453730907,0.035304812509412184,1.8151624547822698
zsl_metrics_index1024000: 238.16725610382082,94.95103691169203,0.021056343299883942,1.7945222189619316
zsl_metrics_index1056000: 237.84908605513235,95.01175597979355,0.0314083483180961,1.7865203476001403
zsl_metrics_index1088000: 238.32967926556532,95.13701889186966,0.026822956035091355,1.792266186023432
zsl_metrics_index1120000: 237.75946145709534,95.09354933865167,0.038265889802640354,1.790820401587513
zsl_metrics_index1152000: 238.82357409661836,95.5736473553344,0.014289810915315088,1.8157330568033931
zsl_metrics_index1184000: 239.4805218160669,95.8814012335319,0.015389808898777713,1.8234470811278956
zsl_metrics_index1216000: 239.46701263669533,95.0925857591615,0.0039352770770110165,1.81533749439491
zsl_metrics_index1248000: 238.84273466604677,95.30781731754954,0.018798065379964,1.8082289315483109
zsl_metrics_index1280000: 239.24873304212403,96.18748897604335,0.015779978227854752,1.824661864825285
zsl_metrics_index1312000: 238.6848370767776,95.53345586033353,0.021987064235032584,1.8053590277325944
zsl_metrics_index1344000: 238.04641885774214,95.51014214679829,0.030342494079023823,1.792325452929006
zsl_metrics_index1376000: 237.8145988489372,95.24169470078928,0.019845033074720443,1.7869343869913599
zsl_metrics_index1408000: 238.79794421829519,95.72344211738746,0.03651794370656947,1.8021352210949186
zsl_metrics_index1440000: 238.29396411057147,95.33324330906207,0.02397265579067856,1.792920139208168
zsl_metrics_index1472000: 239.25666043065624,95.85113808524669,0.021436358036842275,1.8264809336052332
zsl_metrics_index1504000: 238.26119536947527,95.41918257509991,0.011525658291125148,1.7996047257542114
zsl_metrics_index1536000: 236.430246030828,94.74518884520343,0.020769516956239707,1.7531831820205603
zsl_metrics_index1568000: 239.73029476211582,96.16716776425059,0.022232956144665302,1.8295876609782304
zsl_metrics_index1600000: 238.6879372525112,95.65517111822301,0.027885796104546556,1.8110975493732993
zsl_metrics_index1632000: 238.59795964027248,95.5359697040054,0.032690374992359876,1.7985723832665697
zsl_metrics_index1664000: 238.30891660786926,95.5336076661759,0.030481162889318965,1.792270424364193
zsl_metrics_index1696000: 237.90535783675685,95.33970980863896,0.027506387486865763,1.7910588624381056
zsl_metrics_index1728000: 238.41121883196854,95.6866127146298,0.03922793058989584,1.794298651147061
zsl_metrics_index1760000: 239.4782041007688,96.05421967686351,0.019022839362018085,1.8226112088840722
zsl_metrics_index1792000: 239.29231858800043,96.20394047334558,0.0038972960061015214,1.8260398971239624
zsl_metrics_index1824000: 240.66776816020283,96.6449169872695,0.013167300651794767,1.8518008889592172
zsl_metrics_index1856000: 238.8218294938586,95.9187872867976,0.015283907435040624,1.8132301331571439
zsl_metrics_index1888000: 238.81555470914608,95.74911591156992,0.03188022242688464,1.805259640889135
zsl_metrics_index1920000: 238.32214983065063,95.53734453986326,0.021366328795732577,1.7956781331120526
zsl_metrics_index1952000: 238.33105592876146,95.47129857222151,0.03725514543021266,1.797446358461553
zsl_metrics_index1984000: 176.00953790826986,202.11653903976023,17.42456204733193,69.29495433592415
